Type,Original Id,Tags,Source Url,annotation
train,,ball,https://d2vaazyrxjpvvm.cloudfront.net/ai-studio/6732e09999d5b1198142ad52/data/3c5a454-a560-eb46-22f-f86011b8ab4e.jpg,"{""rect"":[[923.352,548.9404,16.0894,14.3046,""ball""]],""point"":[],""line"":[],""polygon"":[],""circle"":[],""rectAndKeypoints"":[]}"
train,,ball,https://d2vaazyrxjpvvm.cloudfront.net/ai-studio/6732e09999d5b1198142ad52/data/d3e5175-a83-083-1f5f-02fbf661b4f.jpg,"{""rect"":[[1121.7545552253723,515.028199672699,11.925215721130371,10.92748737335205,""ball""]],""point"":[],""line"":[],""polygon"":[],""circle"":[],""rectAndKeypoints"":[]}"
train,,ball,https://d2vaazyrxjpvvm.cloudfront.net/ai-studio/6732e09999d5b1198142ad52/data/ffcddb6-7e1c-8c4e-dbd-c43f4b703c3.jpg,"{""rect"":[[920.9142112731934,516.1925468444824,11.153022766113281,10.453285217285156,""ball""]],""point"":[],""line"":[],""polygon"":[],""circle"":[],""rectAndKeypoints"":[]}"
train,,ball,https://d2vaazyrxjpvvm.cloudfront.net/ai-studio/6732e09999d5b1198142ad52/data/bd8bdf-74cd-e53f-ee42-fc173dffd336.jpg,"{""rect"":[[857.3538,505.2804,10.3385,8.1259,""ball""]],""point"":[],""line"":[],""polygon"":[],""circle"":[],""rectAndKeypoints"":[]}"
train,,ball,https://d2vaazyrxjpvvm.cloudfront.net/ai-studio/6732e09999d5b1198142ad52/data/00e6b0c-37dd-a83-ce87-c08d3a1af1.jpg,"{""rect"":[[809.0952425003052,745.9779295921326,16.74139976501465,15.190747261047363,""ball""]],""point"":[],""line"":[],""polygon"":[],""circle"":[],""rectAndKeypoints"":[]}"
train,,ball,https://d2vaazyrxjpvvm.cloudfront.net/ai-studio/6732e09999d5b1198142ad52/data/505dd82-2680-80b0-81d7-4fc0c2c5c1c8.jpg,"{""rect"":[[830.9147281646729,740.4817118644714,16.011608123779297,14.396683692932129,""ball""]],""point"":[],""line"":[],""polygon"":[],""circle"":[],""rectAndKeypoints"":[]}"
test,,ball,https://d2vaazyrxjpvvm.cloudfront.net/ai-studio/6732e09999d5b1198142ad52/data/5c1f61-b2f8-4765-c14-008a13df34d.jpg,"{""rect"":[[812.0989,735.4997,13.5689,13.5764,""ball""]],""point"":[],""line"":[],""polygon"":[],""circle"":[],""rectAndKeypoints"":[]}"
train,,ball,https://d2vaazyrxjpvvm.cloudfront.net/ai-studio/6732e09999d5b1198142ad52/data/7cb485e-ec6c-860b-25d1-0070357c73a.jpg,"{""rect"":[[990.3044,483.671,21.646,17.332,""ball""]],""point"":[],""line"":[],""polygon"":[],""circle"":[],""rectAndKeypoints"":[]}"
train,,ball,https://d2vaazyrxjpvvm.cloudfront.net/ai-studio/6732e09999d5b1198142ad52/data/b7fb57c-da61-4d8b-fe57-6ad78dc0de.jpg,"{""rect"":[[1110.7834720611572,290.5507745742798,11.339794158935547,10.88337516784668,""ball""]],""point"":[],""line"":[],""polygon"":[],""circle"":[],""rectAndKeypoints"":[]}"
train,,ball,https://d2vaazyrxjpvvm.cloudfront.net/ai-studio/6732e09999d5b1198142ad52/data/a18806c-1bbb-12c2-d01b-25730002170.jpg,"{""rect"":[[1129.6673221588135,336.82554864883423,11.307201385498047,10.781397819519043,""ball""]],""point"":[],""line"":[],""polygon"":[],""circle"":[],""rectAndKeypoints"":[]}"
train,,ball,https://d2vaazyrxjpvvm.cloudfront.net/ai-studio/6732e09999d5b1198142ad52/data/cb1a836-0d41-4e60-4413-3ee4728578c.jpg,"{""rect"":[[1149.5874071121216,424.93969440460205,10.950918197631836,10.604436874389648,""ball""]],""point"":[],""line"":[],""polygon"":[],""circle"":[],""rectAndKeypoints"":[]}"
train,,ball,https://d2vaazyrxjpvvm.cloudfront.net/ai-studio/6732e09999d5b1198142ad52/data/786726a-6d0c-d85b-cd1e-f3420c14b1a.jpg,"{""rect"":[[914.7395,523.3113,21.4392,20.2649,""ball""]],""point"":[],""line"":[],""polygon"":[],""circle"":[],""rectAndKeypoints"":[]}"
test,,ball,https://d2vaazyrxjpvvm.cloudfront.net/ai-studio/6732e09999d5b1198142ad52/data/3ab3f-2b12-e133-e07d-6bcd2d81704e.jpg,"{""rect"":[[825.7948,692.7382,22.7283,21.665,""ball""]],""point"":[],""line"":[],""polygon"":[],""circle"":[],""rectAndKeypoints"":[]}"
test,,ball,https://d2vaazyrxjpvvm.cloudfront.net/ai-studio/6732e09999d5b1198142ad52/data/0733d70-a0-1528-d2c5-f17abdc3760.jpg,"{""rect"":[[1016.7093315124512,123.95869493484497,16.172889709472656,15.414824485778809,""ball""]],""point"":[],""line"":[],""polygon"":[],""circle"":[],""rectAndKeypoints"":[]}"
test,,ball,https://d2vaazyrxjpvvm.cloudfront.net/ai-studio/6732e09999d5b1198142ad52/data/4dd0526-5ae-ce21-17a2-4a475c70eec5.jpg,"{""rect"":[[885.9671,116.018,14.5638,12.1485,""ball""]],""point"":[],""line"":[],""polygon"":[],""circle"":[],""rectAndKeypoints"":[]}"
train,,ball,https://d2vaazyrxjpvvm.cloudfront.net/ai-studio/6732e09999d5b1198142ad52/data/84a45f-cffc-843-f1b3-5e53386b371.jpg,"{""rect"":[[749.3640851974487,201.60746479034424,13.643045425415039,13.021429061889648,""ball""]],""point"":[],""line"":[],""polygon"":[],""circle"":[],""rectAndKeypoints"":[]}"
train,,ball,https://d2vaazyrxjpvvm.cloudfront.net/ai-studio/6732e09999d5b1198142ad52/data/dd5076d-1f7-db62-780c-031e4875653a.jpg,"{""rect"":[[1111.9424,461.1738,10.5628,8.9391,""ball""]],""point"":[],""line"":[],""polygon"":[],""circle"":[],""rectAndKeypoints"":[]}"
train,,ball,https://d2vaazyrxjpvvm.cloudfront.net/ai-studio/6732e09999d5b1198142ad52/data/3e66367-81a0-bd5d-f63-c68d3c6cad4.jpg,"{""rect"":[[1158.2478494644165,477.71220541000366,12.522855758666992,11.815762519836426,""ball""]],""point"":[],""line"":[],""polygon"":[],""circle"":[],""rectAndKeypoints"":[]}"
train,,ball,https://d2vaazyrxjpvvm.cloudfront.net/ai-studio/6732e09999d5b1198142ad52/data/c3c32-3ee5-0f8-7ca5-54fdf42eb0d.jpg,"{""rect"":[[1230.1119346618652,529.9218578338623,11.911628723144531,11.12076187133789,""ball""]],""point"":[],""line"":[],""polygon"":[],""circle"":[],""rectAndKeypoints"":[]}"
train,,ball,https://d2vaazyrxjpvvm.cloudfront.net/ai-studio/6732e09999d5b1198142ad52/data/df6117-1fde-e7c-ff0-bf27f6daeb8.jpg,"{""rect"":[[974.3924598693848,536.7999534606934,17.44725799560547,16.51911163330078,""ball""]],""point"":[],""line"":[],""polygon"":[],""circle"":[],""rectAndKeypoints"":[]}"
test,,ball,https://d2vaazyrxjpvvm.cloudfront.net/ai-studio/6732e09999d5b1198142ad52/data/64c207f-373-0c75-14e6-74f7bdb0d04b.jpg,"{""rect"":[[985.3613,281.7554,9.697,7.4637,""ball""]],""point"":[],""line"":[],""polygon"":[],""circle"":[],""rectAndKeypoints"":[]}"
train,,ball,https://d2vaazyrxjpvvm.cloudfront.net/ai-studio/6732e09999d5b1198142ad52/data/0d67ae8-e4b8-badf-b2b2-d73fdf3206e4.jpg,"{""rect"":[[987.7095,307.5497,10.7263,8.9404,""ball""]],""point"":[],""line"":[],""polygon"":[],""circle"":[],""rectAndKeypoints"":[]}"
train,,ball,https://d2vaazyrxjpvvm.cloudfront.net/ai-studio/6732e09999d5b1198142ad52/data/0540c8-5120-826-e16b-1530fd081656.jpg,"{""rect"":[[993.3136,366.9074,9.7503,8.9391,""ball""]],""point"":[],""line"":[],""polygon"":[],""circle"":[],""rectAndKeypoints"":[]}"
train,,ball,https://d2vaazyrxjpvvm.cloudfront.net/ai-studio/6732e09999d5b1198142ad52/data/5bf0c0-275b-cbbd-f675-1effe40c11d.jpg,"{""rect"":[[1004.3077,455.7866,12.5538,11.0807,""ball""]],""point"":[],""line"":[],""polygon"":[],""circle"":[],""rectAndKeypoints"":[]}"
train,,ball,https://d2vaazyrxjpvvm.cloudfront.net/ai-studio/6732e09999d5b1198142ad52/data/e6bdb2f-d363-178-cad8-536cef734c.jpg,"{""rect"":[[1020.4993629455566,544.48508644104,7.968070983886719,7.226238250732422,""ball""]],""point"":[],""line"":[],""polygon"":[],""circle"":[],""rectAndKeypoints"":[]}"
train,,ball,https://d2vaazyrxjpvvm.cloudfront.net/ai-studio/6732e09999d5b1198142ad52/data/bdbf18-2a-b4b7-a36c-7ae2eca44f21.jpg,"{""rect"":[[1057.377,676.7213,13.7705,10.8197,""ball""]],""point"":[],""line"":[],""polygon"":[],""circle"":[],""rectAndKeypoints"":[]}"
train,,ball,https://d2vaazyrxjpvvm.cloudfront.net/ai-studio/6732e09999d5b1198142ad52/data/327051b-34a2-d3e2-a3a3-a14abd023b6d.jpg,"{""rect"":[[880.5974502563477,499.06816482543945,20.378585815429688,19.155845642089844,""ball""]],""point"":[],""line"":[],""polygon"":[],""circle"":[],""rectAndKeypoints"":[]}"
test,,ball,https://d2vaazyrxjpvvm.cloudfront.net/ai-studio/6732e09999d5b1198142ad52/data/1b57-5147-1f10-312-e32a38543a5d.jpg,"{""rect"":[[843.9590682983398,574.52760887146,21.659133911132812,20.558185577392578,""ball""]],""point"":[],""line"":[],""polygon"":[],""circle"":[],""rectAndKeypoints"":[]}"
train,,ball,https://d2vaazyrxjpvvm.cloudfront.net/ai-studio/6732e09999d5b1198142ad52/data/080ec7-8da4-cf56-7d3f-5670f01636.jpg,"{""rect"":[[726.2232,698.1545,30.3044,31.4142,""ball""]],""point"":[],""line"":[],""polygon"":[],""circle"":[],""rectAndKeypoints"":[]}"
train,,ball,https://d2vaazyrxjpvvm.cloudfront.net/ai-studio/6732e09999d5b1198142ad52/data/10ecd75-d4ae-0bc6-3152-3e1415e76.jpg,"{""rect"":[[680.0559,398.9552,10.0699,9.403,""ball""]],""point"":[],""line"":[],""polygon"":[],""circle"":[],""rectAndKeypoints"":[]}"
test,,ball,https://d2vaazyrxjpvvm.cloudfront.net/ai-studio/6732e09999d5b1198142ad52/data/a6635c8-578a-6fc2-5cea-fa6f60a0868.jpg,"{""rect"":[[700.1958,383.5075,10.0699,8.0597,""ball""]],""point"":[],""line"":[],""polygon"":[],""circle"":[],""rectAndKeypoints"":[]}"
train,,ball,https://d2vaazyrxjpvvm.cloudfront.net/ai-studio/6732e09999d5b1198142ad52/data/57203f-dbb7-b4d-7246-527cb62f73e8.jpg,"{""rect"":[[777.3127427101135,419.8738012313843,14.44983196258545,13.806108474731445,""ball""]],""point"":[],""line"":[],""polygon"":[],""circle"":[],""rectAndKeypoints"":[]}"
train,,ball,https://d2vaazyrxjpvvm.cloudfront.net/ai-studio/6732e09999d5b1198142ad52/data/a7b61d-3f02-d150-80b-83267516d0a3.jpg,"{""rect"":[[710.2657,527.2388,20.8112,18.806,""ball""]],""point"":[],""line"":[],""polygon"":[],""circle"":[],""rectAndKeypoints"":[]}"
train,,ball,https://d2vaazyrxjpvvm.cloudfront.net/ai-studio/6732e09999d5b1198142ad52/data/4ac07fb-f580-68f-d365-b0c1e3525b31.jpg,"{""rect"":[[819.104133605957,542.0850949287415,15.598739624023438,15.51987361907959,""ball""]],""point"":[],""line"":[],""polygon"":[],""circle"":[],""rectAndKeypoints"":[]}"
test,,ball,https://d2vaazyrxjpvvm.cloudfront.net/ai-studio/6732e09999d5b1198142ad52/data/c04abc7-c353-37a-b402-cda42ddc0d0.jpg,"{""rect"":[[872.0525016784668,514.2949142456055,15.125587463378906,13.338760375976562,""ball""]],""point"":[],""line"":[],""polygon"":[],""circle"":[],""rectAndKeypoints"":[]}"
train,,ball,https://d2vaazyrxjpvvm.cloudfront.net/ai-studio/6732e09999d5b1198142ad52/data/6d071d8-dd8c-1b2-abe7-d24a7f57266a.jpg,"{""rect"":[[891.9666938781738,510.29844093322754,14.645225524902344,13.291423797607422,""ball""]],""point"":[],""line"":[],""polygon"":[],""circle"":[],""rectAndKeypoints"":[]}"
train,,ball,https://d2vaazyrxjpvvm.cloudfront.net/ai-studio/6732e09999d5b1198142ad52/data/5f7eb5-dc5-76a8-335-2fb6b8a6f04.jpg,"{""rect"":[[942.5455,572.2388,20.1399,17.4627,""ball""]],""point"":[],""line"":[],""polygon"":[],""circle"":[],""rectAndKeypoints"":[]}"
train,,ball,https://d2vaazyrxjpvvm.cloudfront.net/ai-studio/6732e09999d5b1198142ad52/data/de1084-afb3-bb2d-db18-84fb2eba04f.jpg,"{""rect"":[[675.4588890075684,431.85300731658936,35.12763214111328,31.72861671447754,""ball""]],""point"":[],""line"":[],""polygon"":[],""circle"":[],""rectAndKeypoints"":[]}"
test,,ball,https://d2vaazyrxjpvvm.cloudfront.net/ai-studio/6732e09999d5b1198142ad52/data/28c502-1d74-61b1-828a-7e11ea27ada1.jpg,"{""rect"":[[470.42792892456055,466.1242084503174,42.438880920410156,39.161861419677734,""ball""]],""point"":[],""line"":[],""polygon"":[],""circle"":[],""rectAndKeypoints"":[]}"
train,,ball,https://d2vaazyrxjpvvm.cloudfront.net/ai-studio/6732e09999d5b1198142ad52/data/11fea80-4cd1-10da-f373-cf5f7520b13.jpg,"{""rect"":[[722.9221086502075,616.7862510681152,10.872457504272461,10.044319152832031,""ball""]],""point"":[],""line"":[],""polygon"":[],""circle"":[],""rectAndKeypoints"":[]}"
train,,ball,https://d2vaazyrxjpvvm.cloudfront.net/ai-studio/6732e09999d5b1198142ad52/data/c42b874-63cf-71fa-78b1-64b6c4e14aa5.jpg,"{""rect"":[[806.1681485176086,599.9332709312439,12.496588706970215,11.767613410949707,""ball""]],""point"":[],""line"":[],""polygon"":[],""circle"":[],""rectAndKeypoints"":[]}"
test,,ball,https://d2vaazyrxjpvvm.cloudfront.net/ai-studio/6732e09999d5b1198142ad52/data/ecfcb6-cb7-58f1-55-d2e87fc4286.jpg,"{""rect"":[[794.8531,504.403,13.4266,10.7463,""ball""]],""point"":[],""line"":[],""polygon"":[],""circle"":[],""rectAndKeypoints"":[]}"
test,,ball,https://d2vaazyrxjpvvm.cloudfront.net/ai-studio/6732e09999d5b1198142ad52/data/1abd48-bd8e-336f-fd82-ae315aa46c5c.jpg,"{""rect"":[[763.3007,534.6269,14.7692,12.7612,""ball""]],""point"":[],""line"":[],""polygon"":[],""circle"":[],""rectAndKeypoints"":[]}"
train,,ball,https://d2vaazyrxjpvvm.cloudfront.net/ai-studio/6732e09999d5b1198142ad52/data/cf8b6e7-8cf7-6c3-2f35-f85db7e5bf4c.jpg,"{""rect"":[[669.3147,616.5672,14.7692,12.7612,""ball""]],""point"":[],""line"":[],""polygon"":[],""circle"":[],""rectAndKeypoints"":[]}"
train,,ball,https://d2vaazyrxjpvvm.cloudfront.net/ai-studio/6732e09999d5b1198142ad52/data/d5f1314-f66-bd0d-ec0e-3bd8f376130.jpg,"{""rect"":[[737.7902,568.8806,15.4406,14.7761,""ball""]],""point"":[],""line"":[],""polygon"":[],""circle"":[],""rectAndKeypoints"":[]}"
test,,ball,https://d2vaazyrxjpvvm.cloudfront.net/ai-studio/6732e09999d5b1198142ad52/data/e4fb6a4-efe-7b2-e2c1-16c61d7e67b.jpg,"{""rect"":[[899.3656101226807,452.3238592147827,19.369731903076172,18.40727424621582,""ball""]],""point"":[],""line"":[],""polygon"":[],""circle"":[],""rectAndKeypoints"":[]}"
test,,ball,https://d2vaazyrxjpvvm.cloudfront.net/ai-studio/6732e09999d5b1198142ad52/data/65ed85-7d2e-86fa-0f2-18e0c72f4c28.jpg,"{""rect"":[[969.6180124282837,421.12162590026855,17.822813034057617,17.26688003540039,""ball""]],""point"":[],""line"":[],""polygon"":[],""circle"":[],""rectAndKeypoints"":[]}"
test,,ball,https://d2vaazyrxjpvvm.cloudfront.net/ai-studio/6732e09999d5b1198142ad52/data/7de6a-1c0c-eea8-d37-3a3152d80a1f.jpg,"{""rect"":[[908.6753053665161,697.0926704406738,25.399877548217773,25.287925720214844,""ball""]],""point"":[],""line"":[],""polygon"":[],""circle"":[],""rectAndKeypoints"":[]}"
test,,ball,https://d2vaazyrxjpvvm.cloudfront.net/ai-studio/6732e09999d5b1198142ad52/data/74cbfbe-853c-35e6-3a46-a5133784c7f0.jpg,"{""rect"":[[913.8234815597534,743.6935920715332,24.088754653930664,23.366966247558594,""ball""]],""point"":[],""line"":[],""polygon"":[],""circle"":[],""rectAndKeypoints"":[]}"
train,,ball,https://d2vaazyrxjpvvm.cloudfront.net/ai-studio/6732e09999d5b1198142ad52/data/6c5d7bb-57a4-e3ec-543-d8037275560.jpg,"{""rect"":[[895.5524,720.6716,25.5105,22.8358,""ball""]],""point"":[],""line"":[],""polygon"":[],""circle"":[],""rectAndKeypoints"":[]}"
test,,ball,https://d2vaazyrxjpvvm.cloudfront.net/ai-studio/6732e09999d5b1198142ad52/data/718fd6-042e-64c0-8be-eea58a8fd5a.jpg,"{""rect"":[[1281.6009426116943,580.4010667800903,27.457538604736328,27.187490463256836,""ball""]],""point"":[],""line"":[],""polygon"":[],""circle"":[],""rectAndKeypoints"":[]}"
train,,ball,https://d2vaazyrxjpvvm.cloudfront.net/ai-studio/6732e09999d5b1198142ad52/data/2c8a6b-ae82-6142-2686-1852601c5d.jpg,"{""rect"":[[695.8945560455322,383.80987644195557,20.895946502685547,19.781675338745117,""ball""]],""point"":[],""line"":[],""polygon"":[],""circle"":[],""rectAndKeypoints"":[]}"
train,,ball,https://d2vaazyrxjpvvm.cloudfront.net/ai-studio/6732e09999d5b1198142ad52/data/db0b741-1a5e-c4ba-7a3-8f2a048123ef.jpg,"{""rect"":[[728.70423412323,403.644250869751,22.05259132385254,19.903697967529297,""ball""]],""point"":[],""line"":[],""polygon"":[],""circle"":[],""rectAndKeypoints"":[]}"
test,,ball,https://d2vaazyrxjpvvm.cloudfront.net/ai-studio/6732e09999d5b1198142ad52/data/65cce8b-a1c8-c8bd-a158-c52837f365ec.jpg,"{""rect"":[[841.1742687225342,563.1696605682373,27.42831802368164,26.88980484008789,""ball""]],""point"":[],""line"":[],""polygon"":[],""circle"":[],""rectAndKeypoints"":[]}"
test,,ball,https://d2vaazyrxjpvvm.cloudfront.net/ai-studio/6732e09999d5b1198142ad52/data/701f81-8ed4-43e0-2003-11fbef02af8.jpg,"{""rect"":[[884.1399,490.9701,30.8811,24.8507,""ball""]],""point"":[],""line"":[],""polygon"":[],""circle"":[],""rectAndKeypoints"":[]}"
train,,ball,https://d2vaazyrxjpvvm.cloudfront.net/ai-studio/6732e09999d5b1198142ad52/data/c47ab-b647-d7e5-47f0-485b36f031.jpg,"{""rect"":[[653.2028,467.4627,14.0979,12.7612,""ball""]],""point"":[],""line"":[],""polygon"":[],""circle"":[],""rectAndKeypoints"":[]}"
train,,ball,https://d2vaazyrxjpvvm.cloudfront.net/ai-studio/6732e09999d5b1198142ad52/data/7ffe368-ea0c-2e08-177d-8eca1ae221ce.jpg,"{""rect"":[[592.7832,492.9851,14.0979,12.0896,""ball""]],""point"":[],""line"":[],""polygon"":[],""circle"":[],""rectAndKeypoints"":[]}"
train,,ball,https://d2vaazyrxjpvvm.cloudfront.net/ai-studio/6732e09999d5b1198142ad52/data/c7cfcf5-2b4a-b266-4513-cb5a71dd3edc.jpg,"{""rect"":[[640.6716179847717,522.6734495162964,13.480494499206543,12.723413467407227,""ball""]],""point"":[],""line"":[],""polygon"":[],""circle"":[],""rectAndKeypoints"":[]}"
train,,ball,https://d2vaazyrxjpvvm.cloudfront.net/ai-studio/6732e09999d5b1198142ad52/data/c421f0-8d83-5074-6bff-41f3641cd1f.jpg,"{""rect"":[[647.4988951683044,554.7935104370117,14.072888374328613,13.782363891601562,""ball""]],""point"":[],""line"":[],""polygon"":[],""circle"":[],""rectAndKeypoints"":[]}"
train,,ball,https://d2vaazyrxjpvvm.cloudfront.net/ai-studio/6732e09999d5b1198142ad52/data/0eb27c2-daa1-75c5-8b0-db2aa34f730.jpg,"{""rect"":[[541.8296766281128,580.2679500579834,14.299631118774414,13.650135040283203,""ball""]],""point"":[],""line"":[],""polygon"":[],""circle"":[],""rectAndKeypoints"":[]}"
train,,ball,https://d2vaazyrxjpvvm.cloudfront.net/ai-studio/6732e09999d5b1198142ad52/data/4c32b43-c8c-1bca-ebf-bc0f8d854d18.jpg,"{""rect"":[[567.9441,550.0746,16.7832,16.1194,""ball""]],""point"":[],""line"":[],""polygon"":[],""circle"":[],""rectAndKeypoints"":[]}"
test,,ball,https://d2vaazyrxjpvvm.cloudfront.net/ai-studio/6732e09999d5b1198142ad52/data/81fc14-a5e6-dde-a52a-5307e034ac3.jpg,"{""rect"":[[662.3694896697998,554.1928796768188,16.63968276977539,16.116315841674805,""ball""]],""point"":[],""line"":[],""polygon"":[],""circle"":[],""rectAndKeypoints"":[]}"
test,,ball,https://d2vaazyrxjpvvm.cloudfront.net/ai-studio/6732e09999d5b1198142ad52/data/8b88cfa-5aa3-c1a7-d58-6c0686280.jpg,"{""rect"":[[672,632.0149,18.7972,16.1194,""ball""]],""point"":[],""line"":[],""polygon"":[],""circle"":[],""rectAndKeypoints"":[]}"
train,,ball,https://d2vaazyrxjpvvm.cloudfront.net/ai-studio/6732e09999d5b1198142ad52/data/e12e157-a753-f46b-781f-2265d5e60da.jpg,"{""rect"":[[631.4283237457275,423.7859716415405,24.562419891357422,23.545122146606445,""ball""]],""point"":[],""line"":[],""polygon"":[],""circle"":[],""rectAndKeypoints"":[]}"
train,,ball,https://d2vaazyrxjpvvm.cloudfront.net/ai-studio/6732e09999d5b1198142ad52/data/548afb7-4a0d-733c-75a4-a34adadff3cc.jpg,"{""rect"":[[658.3749084472656,481.8028373718262,28.37164306640625,26.627967834472656,""ball""]],""point"":[],""line"":[],""polygon"":[],""circle"":[],""rectAndKeypoints"":[]}"
train,,ball,https://d2vaazyrxjpvvm.cloudfront.net/ai-studio/6732e09999d5b1198142ad52/data/72d111e-4544-550c-dcdc-c0b077efa1ef.jpg,"{""rect"":[[710.9890213012695,678.5692024230957,35.63694763183594,33.661277770996094,""ball""]],""point"":[],""line"":[],""polygon"":[],""circle"":[],""rectAndKeypoints"":[]}"
train,,ball,https://d2vaazyrxjpvvm.cloudfront.net/ai-studio/6732e09999d5b1198142ad52/data/6045a37-555-70a3-f51c-da2dfe42c582.jpg,"{""rect"":[[703.9059734344482,587.6117286682129,36.871158599853516,36.35222625732422,""ball""]],""point"":[],""line"":[],""polygon"":[],""circle"":[],""rectAndKeypoints"":[]}"
train,,ball,https://d2vaazyrxjpvvm.cloudfront.net/ai-studio/6732e09999d5b1198142ad52/data/ee05b-6b22-e03c-db43-5bd711250ffa.jpg,"{""rect"":[[698.8531,496.3433,39.6084,39.6269,""ball""]],""point"":[],""line"":[],""polygon"":[],""circle"":[],""rectAndKeypoints"":[]}"
train,,ball,https://d2vaazyrxjpvvm.cloudfront.net/ai-studio/6732e09999d5b1198142ad52/data/52eb3bb-f6fe-0ecd-205-568383273c.jpg,"{""rect"":[[500.7368679046631,568.8242597579956,12.438068389892578,12.173013687133789,""ball""]],""point"":[],""line"":[],""polygon"":[],""circle"":[],""rectAndKeypoints"":[]}"
train,,ball,https://d2vaazyrxjpvvm.cloudfront.net/ai-studio/6732e09999d5b1198142ad52/data/b267bf1-c0e-561b-6c26-d0cd015f714.jpg,"{""rect"":[[639.1049,599.7761,10.7413,10.7463,""ball""]],""point"":[],""line"":[],""polygon"":[],""circle"":[],""rectAndKeypoints"":[]}"
train,,ball,https://d2vaazyrxjpvvm.cloudfront.net/ai-studio/6732e09999d5b1198142ad52/data/f4bd60-1eb4-cc-3244-a1c5787a3ad.jpg,"{""rect"":[[780.9274182319641,576.3272552490234,13.459372520446777,13.351348876953125,""ball""]],""point"":[],""line"":[],""polygon"":[],""circle"":[],""rectAndKeypoints"":[]}"
train,,ball,https://d2vaazyrxjpvvm.cloudfront.net/ai-studio/6732e09999d5b1198142ad52/data/84735a1-38fd-c13a-c87c-2cfe570a1a6.jpg,"{""rect"":[[1183.8794660568237,881.702832698822,15.833597183227539,14.438084602355957,""ball""]],""point"":[],""line"":[],""polygon"":[],""circle"":[],""rectAndKeypoints"":[]}"
test,,ball,https://d2vaazyrxjpvvm.cloudfront.net/ai-studio/6732e09999d5b1198142ad52/data/ab503e8-335e-8bee-487d-c106d7b3f4e.jpg,"{""rect"":[[1138.709270477295,838.6266489028931,19.752357482910156,18.067380905151367,""ball""]],""point"":[],""line"":[],""polygon"":[],""circle"":[],""rectAndKeypoints"":[]}"
train,,ball,https://d2vaazyrxjpvvm.cloudfront.net/ai-studio/6732e09999d5b1198142ad52/data/bbc432e-33b7-2a57-f0f-20b0ab41ea67.jpg,"{""rect"":[[758.5975379943848,504.64512825012207,18.11071014404297,16.53579330444336,""ball""]],""point"":[],""line"":[],""polygon"":[],""circle"":[],""rectAndKeypoints"":[]}"
train,,ball,https://d2vaazyrxjpvvm.cloudfront.net/ai-studio/6732e09999d5b1198142ad52/data/88f2c2a-63ce-2447-18a3-3c80ab4d48.jpg,"{""rect"":[[798.2911520004272,523.0442142486572,18.254365921020508,17.248851776123047,""ball""]],""point"":[],""line"":[],""polygon"":[],""circle"":[],""rectAndKeypoints"":[]}"
train,,ball,https://d2vaazyrxjpvvm.cloudfront.net/ai-studio/6732e09999d5b1198142ad52/data/cc3a862-d1a5-42c6-e2c-e1c8f8461.jpg,"{""rect"":[[926.6372718811035,512.6778926849365,22.97557830810547,21.918262481689453,""ball""]],""point"":[],""line"":[],""polygon"":[],""circle"":[],""rectAndKeypoints"":[]}"
train,,ball,https://d2vaazyrxjpvvm.cloudfront.net/ai-studio/6732e09999d5b1198142ad52/data/84da21f-f5ba-eefd-602b-4202d811be4.jpg,"{""rect"":[[821.6367516517639,635.2861337661743,13.066096305847168,12.460081100463867,""ball""]],""point"":[],""line"":[],""polygon"":[],""circle"":[],""rectAndKeypoints"":[]}"
train,,ball,https://d2vaazyrxjpvvm.cloudfront.net/ai-studio/6732e09999d5b1198142ad52/data/608806-d663-e3cc-a60f-dfdabeafa18.jpg,"{""rect"":[[943.8980350494385,579.9333753585815,13.002880096435547,12.617990493774414,""ball""]],""point"":[],""line"":[],""polygon"":[],""circle"":[],""rectAndKeypoints"":[]}"
test,,ball,https://d2vaazyrxjpvvm.cloudfront.net/ai-studio/6732e09999d5b1198142ad52/data/e5fa11-0f1a-f6ed-75be-2aeda5fc870f.jpg,"{""rect"":[[1127.5887832641602,498.7069215774536,14.138595581054688,13.740270614624023,""ball""]],""point"":[],""line"":[],""polygon"":[],""circle"":[],""rectAndKeypoints"":[]}"
train,,ball,https://d2vaazyrxjpvvm.cloudfront.net/ai-studio/6732e09999d5b1198142ad52/data/cb610d0-becf-800c-544-34dcdd088e16.jpg,"{""rect"":[[769.5731868743896,549.0960245132446,15.044300079345703,14.450895309448242,""ball""]],""point"":[],""line"":[],""polygon"":[],""circle"":[],""rectAndKeypoints"":[]}"
train,,ball,https://d2vaazyrxjpvvm.cloudfront.net/ai-studio/6732e09999d5b1198142ad52/data/04627b1-f388-8171-db87-10c06d1d7002.jpg,"{""rect"":[[700.3485345840454,550.9106912612915,18.54585075378418,17.713773727416992,""ball""]],""point"":[],""line"":[],""polygon"":[],""circle"":[],""rectAndKeypoints"":[]}"
train,,ball,https://d2vaazyrxjpvvm.cloudfront.net/ai-studio/6732e09999d5b1198142ad52/data/7c8feaa-3a6a-c4fc-46c6-b0e3d7d74a.jpg,"{""rect"":[[758.1982975006104,505.9827547073364,18.274059295654297,16.71466636657715,""ball""]],""point"":[],""line"":[],""polygon"":[],""circle"":[],""rectAndKeypoints"":[]}"
train,,ball,https://d2vaazyrxjpvvm.cloudfront.net/ai-studio/6732e09999d5b1198142ad52/data/f4aca8-f362-06fa-10f1-fe80eb8a108c.jpg,"{""rect"":[[762.2353076934814,554.8376655578613,19.17757797241211,18.138023376464844,""ball""]],""point"":[],""line"":[],""polygon"":[],""circle"":[],""rectAndKeypoints"":[]}"
train,,ball,https://d2vaazyrxjpvvm.cloudfront.net/ai-studio/6732e09999d5b1198142ad52/data/a8b2631-cf4d-553a-8461-d33fee47e.jpg,"{""rect"":[[742.8940229415894,590.5981569290161,25.72904396057129,25.147314071655273,""ball""]],""point"":[],""line"":[],""polygon"":[],""circle"":[],""rectAndKeypoints"":[]}"
train,,ball,https://d2vaazyrxjpvvm.cloudfront.net/ai-studio/6732e09999d5b1198142ad52/data/fb1725b-e5a3-da7f-232f-834b8f014125.jpg,"{""rect"":[[735.0560312271118,528.7647933959961,26.933835983276367,26.269851684570312,""ball""]],""point"":[],""line"":[],""polygon"":[],""circle"":[],""rectAndKeypoints"":[]}"
train,,ball,https://d2vaazyrxjpvvm.cloudfront.net/ai-studio/6732e09999d5b1198142ad52/data/a6db804-0fa0-7106-1038-c416e3c01b2.jpg,"{""rect"":[[730.5393886566162,499.5116014480591,25.552814483642578,24.269765853881836,""ball""]],""point"":[],""line"":[],""polygon"":[],""circle"":[],""rectAndKeypoints"":[]}"
train,,ball,https://d2vaazyrxjpvvm.cloudfront.net/ai-studio/6732e09999d5b1198142ad52/data/e2220a6-3830-bb6e-078-77185dd667.jpg,"{""rect"":[[1083.9747495651245,655.0333318710327,17.660120010375977,16.77073860168457,""ball""]],""point"":[],""line"":[],""polygon"":[],""circle"":[],""rectAndKeypoints"":[]}"
train,,ball,https://d2vaazyrxjpvvm.cloudfront.net/ai-studio/6732e09999d5b1198142ad52/data/168116-abca-16cf-3165-0cb88e5553d.jpg,"{""rect"":[[886.5742683410645,688.599368095398,20.396995544433594,19.2254581451416,""ball""]],""point"":[],""line"":[],""polygon"":[],""circle"":[],""rectAndKeypoints"":[]}"
test,,ball,https://d2vaazyrxjpvvm.cloudfront.net/ai-studio/6732e09999d5b1198142ad52/data/82ff520-dd5-c6-61d0-741e0352f1a1.jpg,"{""rect"":[[844.5315,648.806,19.4685,18.806,""ball""]],""point"":[],""line"":[],""polygon"":[],""circle"":[],""rectAndKeypoints"":[]}"
train,,ball,https://d2vaazyrxjpvvm.cloudfront.net/ai-studio/6732e09999d5b1198142ad52/data/ea75e12-75b-8234-a43-24e77e70f0d.jpg,"{""rect"":[[877.6270399093628,645.7536401748657,20.252511978149414,19.832319259643555,""ball""]],""point"":[],""line"":[],""polygon"":[],""circle"":[],""rectAndKeypoints"":[]}"
train,,ball,https://d2vaazyrxjpvvm.cloudfront.net/ai-studio/6732e09999d5b1198142ad52/data/011462-7ccf-f517-5ea7-e45ff4a1d8df.jpg,"{""rect"":[[864.6713,675,20.8112,20.1493,""ball""]],""point"":[],""line"":[],""polygon"":[],""circle"":[],""rectAndKeypoints"":[]}"
train,,ball,https://d2vaazyrxjpvvm.cloudfront.net/ai-studio/6732e09999d5b1198142ad52/data/2cd662-dd08-d3f5-d1d3-6803f6d20404.jpg,"{""rect"":[[839.1677017211914,504.4873380661011,15.396774291992188,14.518243789672852,""ball""]],""point"":[],""line"":[],""polygon"":[],""circle"":[],""rectAndKeypoints"":[]}"
test,,ball,https://d2vaazyrxjpvvm.cloudfront.net/ai-studio/6732e09999d5b1198142ad52/data/3d80f75-5e40-b8dd-f3af-cab52a6604f.jpg,"{""rect"":[[879.0890579223633,548.872820854187,15.419174194335938,14.425867080688477,""ball""]],""point"":[],""line"":[],""polygon"":[],""circle"":[],""rectAndKeypoints"":[]}"
train,,ball,https://d2vaazyrxjpvvm.cloudfront.net/ai-studio/6732e09999d5b1198142ad52/data/3f08dd4-51f-fc1e-1aee-8a8ea2433cc5.jpg,"{""rect"":[[975.6885843276978,613.1618843078613,19.778226852416992,18.314781188964844,""ball""]],""point"":[],""line"":[],""polygon"":[],""circle"":[],""rectAndKeypoints"":[]}"
train,,ball,https://d2vaazyrxjpvvm.cloudfront.net/ai-studio/6732e09999d5b1198142ad52/data/1c87f1-82a5-3fc8-8480-172c0266b21.jpg,"{""rect"":[[1013.035,576.9403,20.8112,18.806,""ball""]],""point"":[],""line"":[],""polygon"":[],""circle"":[],""rectAndKeypoints"":[]}"
test,,ball,https://d2vaazyrxjpvvm.cloudfront.net/ai-studio/6732e09999d5b1198142ad52/data/55813-472-5d6-84dd-5a6143aaa56.jpg,"{""rect"":[[1034.046835899353,570.9027347564697,24.038896560668945,22.386791229248047,""ball""]],""point"":[],""line"":[],""polygon"":[],""circle"":[],""rectAndKeypoints"":[]}"
train,,ball,https://d2vaazyrxjpvvm.cloudfront.net/ai-studio/6732e09999d5b1198142ad52/data/1083d6-0323-24a5-c3bd-f455aa113ed.jpg,"{""rect"":[[1281.8111119270325,270.53907203674316,12.087737083435059,10.460613250732422,""ball""]],""point"":[],""line"":[],""polygon"":[],""circle"":[],""rectAndKeypoints"":[]}"
train,,ball,https://d2vaazyrxjpvvm.cloudfront.net/ai-studio/6732e09999d5b1198142ad52/data/335d465-80-7174-5eae-0bef58808fd.jpg,"{""rect"":[[1142.940622806549,306.6673059463501,12.568949699401855,11.334272384643555,""ball""]],""point"":[],""line"":[],""polygon"":[],""circle"":[],""rectAndKeypoints"":[]}"
train,,ball,https://d2vaazyrxjpvvm.cloudfront.net/ai-studio/6732e09999d5b1198142ad52/data/43d3f18-bcd4-4c7a-b584-e043fb37f8a.jpg,"{""rect"":[[992.1341285705566,298.4683961868286,11.123710632324219,10.191503524780273,""ball""]],""point"":[],""line"":[],""polygon"":[],""circle"":[],""rectAndKeypoints"":[]}"
train,,ball,https://d2vaazyrxjpvvm.cloudfront.net/ai-studio/6732e09999d5b1198142ad52/data/0641711-efbe-bd1e-86fc-6a6eb3d7f6.jpg,"{""rect"":[[909.6503,291.4925,11.4126,10.0746,""ball""]],""point"":[],""line"":[],""polygon"":[],""circle"":[],""rectAndKeypoints"":[]}"
train,,ball,https://d2vaazyrxjpvvm.cloudfront.net/ai-studio/6732e09999d5b1198142ad52/data/bddafc0-ea7e-ae67-fae3-17ea7846d71.jpg,"{""rect"":[[870.3991241455078,297.2845506668091,11.984100341796875,11.184255599975586,""ball""]],""point"":[],""line"":[],""polygon"":[],""circle"":[],""rectAndKeypoints"":[]}"
train,,ball,https://d2vaazyrxjpvvm.cloudfront.net/ai-studio/6732e09999d5b1198142ad52/data/857da0-c285-243a-36d-d1047d3f0618.jpg,"{""rect"":[[833.7902,325.0746,10.7413,10.7463,""ball""]],""point"":[],""line"":[],""polygon"":[],""circle"":[],""rectAndKeypoints"":[]}"
train,,ball,https://d2vaazyrxjpvvm.cloudfront.net/ai-studio/6732e09999d5b1198142ad52/data/5871833-3b71-6efb-388-8b44065c5b.jpg,"{""rect"":[[815.3041396141052,363.6958131790161,11.17895221710205,10.852392196655273,""ball""]],""point"":[],""line"":[],""polygon"":[],""circle"":[],""rectAndKeypoints"":[]}"
train,,ball,https://d2vaazyrxjpvvm.cloudfront.net/ai-studio/6732e09999d5b1198142ad52/data/f7e657-bff8-eeba-158-fe73fdc7a62b.jpg,"{""rect"":[[818.3497,405,14.0979,11.4179,""ball""]],""point"":[],""line"":[],""polygon"":[],""circle"":[],""rectAndKeypoints"":[]}"
train,,ball,https://d2vaazyrxjpvvm.cloudfront.net/ai-studio/6732e09999d5b1198142ad52/data/5161b8-16c8-758a-1f84-2834b5078a55.jpg,"{""rect"":[[873.6444969177246,589.2753033638,14.037788391113281,13.675711631774902,""ball""]],""point"":[],""line"":[],""polygon"":[],""circle"":[],""rectAndKeypoints"":[]}"
train,,ball,https://d2vaazyrxjpvvm.cloudfront.net/ai-studio/6732e09999d5b1198142ad52/data/6c113fb-85ab-5c-c5a-c43c73db7bf6.jpg,"{""rect"":[[904.1702032089233,606.6306076049805,16.57927131652832,15.571670532226562,""ball""]],""point"":[],""line"":[],""polygon"":[],""circle"":[],""rectAndKeypoints"":[]}"
train,,ball,https://d2vaazyrxjpvvm.cloudfront.net/ai-studio/6732e09999d5b1198142ad52/data/43dd334-3a83-7024-f08-6b618c46c3a.jpg,"{""rect"":[[923.0769,532.6119,14.7692,13.4328,""ball""]],""point"":[],""line"":[],""polygon"":[],""circle"":[],""rectAndKeypoints"":[]}"
train,,ball,https://d2vaazyrxjpvvm.cloudfront.net/ai-studio/6732e09999d5b1198142ad52/data/bb2faa-2d15-81a-8dd-bb7ecdb0ae.jpg,"{""rect"":[[966.7133,427.1642,13.4266,13.4328,""ball""]],""point"":[],""line"":[],""polygon"":[],""circle"":[],""rectAndKeypoints"":[]}"
train,,ball,https://d2vaazyrxjpvvm.cloudfront.net/ai-studio/6732e09999d5b1198142ad52/data/a72566b-1a80-4d25-ff47-20ea730c34.jpg,"{""rect"":[[982.1538,363.3582,17.4545,17.4627,""ball""]],""point"":[],""line"":[],""polygon"":[],""circle"":[],""rectAndKeypoints"":[]}"
train,,ball,https://d2vaazyrxjpvvm.cloudfront.net/ai-studio/6732e09999d5b1198142ad52/data/3fdf5c-f68-6351-a5f6-31fda656f721.jpg,"{""rect"":[[980.4700155258179,333.4344434738159,23.200716018676758,22.575632095336914,""ball""]],""point"":[],""line"":[],""polygon"":[],""circle"":[],""rectAndKeypoints"":[]}"
train,,ball,https://d2vaazyrxjpvvm.cloudfront.net/ai-studio/6732e09999d5b1198142ad52/data/bdecb36-4386-3c8a-c1ab-335b68d288d.jpg,"{""rect"":[[977.3279294967651,313.2253656387329,19.865259170532227,19.53913688659668,""ball""]],""point"":[],""line"":[],""polygon"":[],""circle"":[],""rectAndKeypoints"":[]}"
train,,ball,https://d2vaazyrxjpvvm.cloudfront.net/ai-studio/6732e09999d5b1198142ad52/data/28770d-085d-5a74-05a7-53c4bfb764e.jpg,"{""rect"":[[958.8999557495117,294.0929117202759,22.338760375976562,20.916837692260742,""ball""]],""point"":[],""line"":[],""polygon"":[],""circle"":[],""rectAndKeypoints"":[]}"
train,,ball,https://d2vaazyrxjpvvm.cloudfront.net/ai-studio/6732e09999d5b1198142ad52/data/ab7e5e3-6f88-6e-6300-2fb18b68c434.jpg,"{""rect"":[[931.819899559021,300.91403579711914,23.837862014770508,21.46367645263672,""ball""]],""point"":[],""line"":[],""polygon"":[],""circle"":[],""rectAndKeypoints"":[]}"
train,,ball,https://d2vaazyrxjpvvm.cloudfront.net/ai-studio/6732e09999d5b1198142ad52/data/d044538-a616-3270-ec0a-7acd0dfa08a.jpg,"{""rect"":[[924.6489677429199,304.72912406921387,21.268226623535156,20.294132232666016,""ball""]],""point"":[],""line"":[],""polygon"":[],""circle"":[],""rectAndKeypoints"":[]}"
test,,ball,https://d2vaazyrxjpvvm.cloudfront.net/ai-studio/6732e09999d5b1198142ad52/data/a42bcb1-be6e-2f7a-66ab-83eadedcd52.jpg,"{""rect"":[[765.3142938613892,524.1793298721313,22.92854118347168,21.855695724487305,""ball""]],""point"":[],""line"":[],""polygon"":[],""circle"":[],""rectAndKeypoints"":[]}"
train,,ball,https://d2vaazyrxjpvvm.cloudfront.net/ai-studio/6732e09999d5b1198142ad52/data/b3ba328-ef62-b5-465d-6c556115d4.jpg,"{""rect"":[[772.78333568573,510.8310432434082,24.34678077697754,22.990623474121094,""ball""]],""point"":[],""line"":[],""polygon"":[],""circle"":[],""rectAndKeypoints"":[]}"
test,,ball,https://d2vaazyrxjpvvm.cloudfront.net/ai-studio/6732e09999d5b1198142ad52/data/c412477-4c3-acb0-3af2-3afecec524e5.jpg,"{""rect"":[[786.862250328064,530.8487663269043,25.75242805480957,24.040626525878906,""ball""]],""point"":[],""line"":[],""polygon"":[],""circle"":[],""rectAndKeypoints"":[]}"
test,,ball,https://d2vaazyrxjpvvm.cloudfront.net/ai-studio/6732e09999d5b1198142ad52/data/d6d2214-8acf-10b-dd74-52035e6bc15.jpg,"{""rect"":[[881.8025398254395,730.1424684524536,33.437644958496094,31.736181259155273,""ball""]],""point"":[],""line"":[],""polygon"":[],""circle"":[],""rectAndKeypoints"":[]}"
train,,ball,https://d2vaazyrxjpvvm.cloudfront.net/ai-studio/6732e09999d5b1198142ad52/data/7d7083e-0f84-aa3-33fc-bc3605a71766.jpg,"{""rect"":[[993.2485165596008,495.7834939956665,15.84720516204834,14.841581344604492,""ball""]],""point"":[],""line"":[],""polygon"":[],""circle"":[],""rectAndKeypoints"":[]}"
train,,ball,https://d2vaazyrxjpvvm.cloudfront.net/ai-studio/6732e09999d5b1198142ad52/data/ae35c8-62d-cf14-26c7-a45bde73e4a0.jpg,"{""rect"":[[953.7379732131958,507.8804512023926,17.3532772064209,16.224693298339844,""ball""]],""point"":[],""line"":[],""polygon"":[],""circle"":[],""rectAndKeypoints"":[]}"
train,,ball,https://d2vaazyrxjpvvm.cloudfront.net/ai-studio/6732e09999d5b1198142ad52/data/7e626b-a4bd-56e1-fd15-253ee33061b4.jpg,"{""rect"":[[902.7283096313477,643.5536947250366,20.434494018554688,19.070589065551758,""ball""]],""point"":[],""line"":[],""polygon"":[],""circle"":[],""rectAndKeypoints"":[]}"
train,,ball,https://d2vaazyrxjpvvm.cloudfront.net/ai-studio/6732e09999d5b1198142ad52/data/ae6e57-dfd3-304b-51c1-ea74bed631.jpg,"{""rect"":[[919.7203,572.9104,21.4825,19.4776,""ball""]],""point"":[],""line"":[],""polygon"":[],""circle"":[],""rectAndKeypoints"":[]}"
train,,ball,https://d2vaazyrxjpvvm.cloudfront.net/ai-studio/6732e09999d5b1198142ad52/data/1cf7e3e-452c-fae4-f34-04f1b21e45b2.jpg,"{""rect"":[[1321.1748,582.3134,12.0839,11.4179,""ball""]],""point"":[],""line"":[],""polygon"":[],""circle"":[],""rectAndKeypoints"":[]}"
train,,ball,https://d2vaazyrxjpvvm.cloudfront.net/ai-studio/6732e09999d5b1198142ad52/data/6ba482b-e3d1-c67d-a2ec-42ea54df1b1.jpg,"{""rect"":[[1173.41188955307,561.770426273346,12.299023628234863,11.249430656433105,""ball""]],""point"":[],""line"":[],""polygon"":[],""circle"":[],""rectAndKeypoints"":[]}"
train,,ball,https://d2vaazyrxjpvvm.cloudfront.net/ai-studio/6732e09999d5b1198142ad52/data/515da1-f615-8b6d-f328-5a842775af.jpg,"{""rect"":[[973.4266,562.8358,11.4126,10.7463,""ball""]],""point"":[],""line"":[],""polygon"":[],""circle"":[],""rectAndKeypoints"":[]}"
train,,ball,https://d2vaazyrxjpvvm.cloudfront.net/ai-studio/6732e09999d5b1198142ad52/data/7c7181b-a11b-58c-711b-b16f431a57b.jpg,"{""rect"":[[712.3695993423462,549.5358467102051,19.299253463745117,18.688560485839844,""ball""]],""point"":[],""line"":[],""polygon"":[],""circle"":[],""rectAndKeypoints"":[]}"
train,,ball,https://d2vaazyrxjpvvm.cloudfront.net/ai-studio/6732e09999d5b1198142ad52/data/e4257-b318-3f72-e5a2-36f60d7e8e4.jpg,"{""rect"":[[889.6140775680542,513.0168323516846,20.0001163482666,19.30508041381836,""ball""]],""point"":[],""line"":[],""polygon"":[],""circle"":[],""rectAndKeypoints"":[]}"
train,,ball,https://d2vaazyrxjpvvm.cloudfront.net/ai-studio/6732e09999d5b1198142ad52/data/f42ff48-1651-13e1-c42f-2fbca4cada16.jpg,"{""rect"":[[1017.5755834579468,511.150185585022,23.062944412231445,21.297529220581055,""ball""]],""point"":[],""line"":[],""polygon"":[],""circle"":[],""rectAndKeypoints"":[]}"
train,,ball,https://d2vaazyrxjpvvm.cloudfront.net/ai-studio/6732e09999d5b1198142ad52/data/002522-d544-d2cb-bf2-c525fffc263.jpg,"{""rect"":[[925.0909,510.4478,20.8112,18.806,""ball""]],""point"":[],""line"":[],""polygon"":[],""circle"":[],""rectAndKeypoints"":[]}"
train,,ball,https://d2vaazyrxjpvvm.cloudfront.net/ai-studio/6732e09999d5b1198142ad52/data/25306d6-8d1f-c086-38ed-1def4e6be305.jpg,"{""rect"":[[863.2388696670532,445.6458053588867,20.755903244018555,19.494888305664062,""ball""]],""point"":[],""line"":[],""polygon"":[],""circle"":[],""rectAndKeypoints"":[]}"
train,,ball,https://d2vaazyrxjpvvm.cloudfront.net/ai-studio/6732e09999d5b1198142ad52/data/f8babe-d573-142-1a11-d2c6bdcae33.jpg,"{""rect"":[[919.049,448.6567,21.4825,18.806,""ball""]],""point"":[],""line"":[],""polygon"":[],""circle"":[],""rectAndKeypoints"":[]}"
train,,ball,https://d2vaazyrxjpvvm.cloudfront.net/ai-studio/6732e09999d5b1198142ad52/data/21228b3-4b8f-5ab-0f45-84cf521e32.jpg,"{""rect"":[[978.4358253479004,549.2707090377808,26.11553192138672,24.806970596313477,""ball""]],""point"":[],""line"":[],""polygon"":[],""circle"":[],""rectAndKeypoints"":[]}"
train,,ball,https://d2vaazyrxjpvvm.cloudfront.net/ai-studio/6732e09999d5b1198142ad52/data/2e31fa3-11ea-ecdd-5233-ff25aff11e10.jpg,"{""rect"":[[1084.8991508483887,705.2630214691162,30.440956115722656,28.849079132080078,""ball""]],""point"":[],""line"":[],""polygon"":[],""circle"":[],""rectAndKeypoints"":[]}"
train,,ball,https://d2vaazyrxjpvvm.cloudfront.net/ai-studio/6732e09999d5b1198142ad52/data/e5e5068-4381-1e1-cace-826abfe781b7.jpg,"{""rect"":[[1119.1501188278198,470.2764058113098,16.50103187561035,15.628340721130371,""ball""]],""point"":[],""line"":[],""polygon"":[],""circle"":[],""rectAndKeypoints"":[]}"
train,,ball,https://d2vaazyrxjpvvm.cloudfront.net/ai-studio/6732e09999d5b1198142ad52/data/4c0f60a-51fa-a4c4-b0bc-8cbd550b2473.jpg,"{""rect"":[[1088.2238,427.1642,17.4545,14.1045,""ball""]],""point"":[],""line"":[],""polygon"":[],""circle"":[],""rectAndKeypoints"":[]}"
train,,ball,https://d2vaazyrxjpvvm.cloudfront.net/ai-studio/6732e09999d5b1198142ad52/data/1282720-71af-5f14-3ca5-cc40bcbf4ec.jpg,"{""rect"":[[1062.7133,460.7463,16.7832,16.791,""ball""]],""point"":[],""line"":[],""polygon"":[],""circle"":[],""rectAndKeypoints"":[]}"
train,,ball,https://d2vaazyrxjpvvm.cloudfront.net/ai-studio/6732e09999d5b1198142ad52/data/5852a4d-f338-2e4b-487f-e3116a64d35c.jpg,"{""rect"":[[1047.786831855774,510.8363265991211,21.03131675720215,20.954544067382812,""ball""]],""point"":[],""line"":[],""polygon"":[],""circle"":[],""rectAndKeypoints"":[]}"
train,,ball,https://d2vaazyrxjpvvm.cloudfront.net/ai-studio/6732e09999d5b1198142ad52/data/4de72b-bda3-3c7c-e0d6-b661b28b501a.jpg,"{""rect"":[[1006.993,704.5522,20.8112,21.4925,""ball""]],""point"":[],""line"":[],""polygon"":[],""circle"":[],""rectAndKeypoints"":[]}"
train,,ball,https://d2vaazyrxjpvvm.cloudfront.net/ai-studio/6732e09999d5b1198142ad52/data/c81cfc2-528-fe60-48dd-1463a7511a18.jpg,"{""rect"":[[1023.566285610199,253.6197075843811,10.18407917022705,9.718714714050293,""ball""]],""point"":[],""line"":[],""polygon"":[],""circle"":[],""rectAndKeypoints"":[]}"
train,,ball,https://d2vaazyrxjpvvm.cloudfront.net/ai-studio/6732e09999d5b1198142ad52/data/f533c67-08de-3605-f882-d23f2117f55.jpg,"{""rect"":[[992.7170886993408,351.0137605667114,11.35207748413086,10.573858261108398,""ball""]],""point"":[],""line"":[],""polygon"":[],""circle"":[],""rectAndKeypoints"":[]}"
train,,ball,https://d2vaazyrxjpvvm.cloudfront.net/ai-studio/6732e09999d5b1198142ad52/data/0774033-4127-2a12-7b88-50a65f1b665.jpg,"{""rect"":[[811.060628414154,300.5500898361206,11.075276374816895,10.458841323852539,""ball""]],""point"":[],""line"":[],""polygon"":[],""circle"":[],""rectAndKeypoints"":[]}"
train,,ball,https://d2vaazyrxjpvvm.cloudfront.net/ai-studio/6732e09999d5b1198142ad52/data/bc42cf6-22a-548f-c64d-ebe3156aa0.jpg,"{""rect"":[[710.2657,265.2985,10.7413,10.7463,""ball""]],""point"":[],""line"":[],""polygon"":[],""circle"":[],""rectAndKeypoints"":[]}"
train,,ball,https://d2vaazyrxjpvvm.cloudfront.net/ai-studio/6732e09999d5b1198142ad52/data/8d221d-4035-c650-a3f5-e71f024b15fc.jpg,"{""rect"":[[661.2587,267.3134,11.4126,12.0896,""ball""]],""point"":[],""line"":[],""polygon"":[],""circle"":[],""rectAndKeypoints"":[]}"
train,,ball,https://d2vaazyrxjpvvm.cloudfront.net/ai-studio/6732e09999d5b1198142ad52/data/55b4f75-b8a1-884-f2a5-d88224de4f.jpg,"{""rect"":[[676.269389629364,285.5142550468445,13.234169960021973,12.634514808654785,""ball""]],""point"":[],""line"":[],""polygon"":[],""circle"":[],""rectAndKeypoints"":[]}"
train,,ball,https://d2vaazyrxjpvvm.cloudfront.net/ai-studio/6732e09999d5b1198142ad52/data/8517225-d188-fb7e-5840-d00db56a.jpg,"{""rect"":[[688.1119,290.1493,10.0699,13.4328,""ball""]],""point"":[],""line"":[],""polygon"":[],""circle"":[],""rectAndKeypoints"":[]}"
train,,ball,https://d2vaazyrxjpvvm.cloudfront.net/ai-studio/6732e09999d5b1198142ad52/data/61ae883-1b55-2684-3d0e-6e08644854e4.jpg,"{""rect"":[[682.3633913993835,260.0931615829468,12.09475040435791,11.994890213012695,""ball""]],""point"":[],""line"":[],""polygon"":[],""circle"":[],""rectAndKeypoints"":[]}"
train,,ball,https://d2vaazyrxjpvvm.cloudfront.net/ai-studio/6732e09999d5b1198142ad52/data/f76c304-dd6e-415e-ea7f-fefd18cbbf70.jpg,"{""rect"":[[680.7273,260.597,9.3986,8.7313,""ball""]],""point"":[],""line"":[],""polygon"":[],""circle"":[],""rectAndKeypoints"":[]}"
train,,ball,https://d2vaazyrxjpvvm.cloudfront.net/ai-studio/6732e09999d5b1198142ad52/data/2a8a-ddd5-4cbd-3ec4-6ebcf438dd16.jpg,"{""rect"":[[690.1259,279.403,10.0699,8.7313,""ball""]],""point"":[],""line"":[],""polygon"":[],""circle"":[],""rectAndKeypoints"":[]}"
test,,ball,https://d2vaazyrxjpvvm.cloudfront.net/ai-studio/6732e09999d5b1198142ad52/data/fb4d61-ad6e-5058-282a-3ce623280c4.jpg,"{""rect"":[[556.525990486145,507.99810457229614,17.09938621520996,15.967658042907715,""ball""]],""point"":[],""line"":[],""polygon"":[],""circle"":[],""rectAndKeypoints"":[]}"
train,,ball,https://d2vaazyrxjpvvm.cloudfront.net/ai-studio/6732e09999d5b1198142ad52/data/30c2a1f-c72-b0b-bc8f-574ea3b02aa1.jpg,"{""rect"":[[648.5294055938721,574.2467069625854,19.96633529663086,18.7770938873291,""ball""]],""point"":[],""line"":[],""polygon"":[],""circle"":[],""rectAndKeypoints"":[]}"
train,,ball,https://d2vaazyrxjpvvm.cloudfront.net/ai-studio/6732e09999d5b1198142ad52/data/2cbfd-5447-d21b-26a2-ce045ddcb12c.jpg,"{""rect"":[[783.1362571716309,623.6602611541748,21.53253936767578,20.83743667602539,""ball""]],""point"":[],""line"":[],""polygon"":[],""circle"":[],""rectAndKeypoints"":[]}"
train,,ball,https://d2vaazyrxjpvvm.cloudfront.net/ai-studio/6732e09999d5b1198142ad52/data/3881cc7-6357-a71e-cf2f-044af7654ba0.jpg,"{""rect"":[[886.1538,644.7761,18.7972,18.1343,""ball""]],""point"":[],""line"":[],""polygon"":[],""circle"":[],""rectAndKeypoints"":[]}"
test,,ball,https://d2vaazyrxjpvvm.cloudfront.net/ai-studio/6732e09999d5b1198142ad52/data/0567aa0-6ce5-251-4ece-4fbcf2e06fd.jpg,"{""rect"":[[1116.0349264144897,447.7891192436218,16.904024124145508,15.349984169006348,""ball""]],""point"":[],""line"":[],""polygon"":[],""circle"":[],""rectAndKeypoints"":[]}"
test,,ball,https://d2vaazyrxjpvvm.cloudfront.net/ai-studio/6732e09999d5b1198142ad52/data/87eba3-baf7-b460-1bb-c3c456dea771.jpg,"{""rect"":[[1000.2524547576904,518.6507081985474,23.16720962524414,22.184301376342773,""ball""]],""point"":[],""line"":[],""polygon"":[],""circle"":[],""rectAndKeypoints"":[]}"
train,,ball,https://d2vaazyrxjpvvm.cloudfront.net/ai-studio/6732e09999d5b1198142ad52/data/5e2d11-bd1-5727-2a51-fc4a5ed5400d.jpg,"{""rect"":[[927.3718223571777,709.5523471832275,25.68994903564453,24.381389617919922,""ball""]],""point"":[],""line"":[],""polygon"":[],""circle"":[],""rectAndKeypoints"":[]}"
train,,ball,https://d2vaazyrxjpvvm.cloudfront.net/ai-studio/6732e09999d5b1198142ad52/data/863c6ad-dd-ee4b-386-e548ecd3546.jpg,"{""rect"":[[947.9161,225.6716,12.0839,11.4179,""ball""]],""point"":[],""line"":[],""polygon"":[],""circle"":[],""rectAndKeypoints"":[]}"
train,,ball,https://d2vaazyrxjpvvm.cloudfront.net/ai-studio/6732e09999d5b1198142ad52/data/304ea40-f603-b3a3-07d2-24b4fc28f88.jpg,"{""rect"":[[970.7413,239.1045,13.4266,10.7463,""ball""]],""point"":[],""line"":[],""polygon"":[],""circle"":[],""rectAndKeypoints"":[]}"
train,,ball,https://d2vaazyrxjpvvm.cloudfront.net/ai-studio/6732e09999d5b1198142ad52/data/dc75a16-46b3-be33-55-6321cd3c4f7c.jpg,"{""rect"":[[974.7692,243.1343,12.7552,12.7612,""ball""]],""point"":[],""line"":[],""polygon"":[],""circle"":[],""rectAndKeypoints"":[]}"
train,,ball,https://d2vaazyrxjpvvm.cloudfront.net/ai-studio/6732e09999d5b1198142ad52/data/3525a-6656-a657-ff5-2fa67a0d1f.jpg,"{""rect"":[[974.0979,249.1791,11.4126,9.403,""ball""]],""point"":[],""line"":[],""polygon"":[],""circle"":[],""rectAndKeypoints"":[]}"
train,,ball,https://d2vaazyrxjpvvm.cloudfront.net/ai-studio/6732e09999d5b1198142ad52/data/f5725d7-88fc-f1f-12c-e3d2af8c3d.jpg,"{""rect"":[[968.7273,252.5373,12.0839,11.4179,""ball""]],""point"":[],""line"":[],""polygon"":[],""circle"":[],""rectAndKeypoints"":[]}"
train,,ball,https://d2vaazyrxjpvvm.cloudfront.net/ai-studio/6732e09999d5b1198142ad52/data/63f341c-efcf-08b5-68de-876b4f7e5c3f.jpg,"{""rect"":[[962.6853,255.8955,11.4126,10.7463,""ball""]],""point"":[],""line"":[],""polygon"":[],""circle"":[],""rectAndKeypoints"":[]}"
test,,ball,https://d2vaazyrxjpvvm.cloudfront.net/ai-studio/6732e09999d5b1198142ad52/data/2d7d076-dc2-fcb-d70-fe880b0d68c3.jpg,"{""rect"":[[944.5594,244.4776,12.7553,10.7463,""ball""]],""point"":[],""line"":[],""polygon"":[],""circle"":[],""rectAndKeypoints"":[]}"
train,,ball,https://d2vaazyrxjpvvm.cloudfront.net/ai-studio/6732e09999d5b1198142ad52/data/40aa3a0-edc-aae1-face-60557ecfea3.jpg,"{""rect"":[[918.0427179336548,201.60937976837158,11.86732292175293,10.968252182006836,""ball""]],""point"":[],""line"":[],""polygon"":[],""circle"":[],""rectAndKeypoints"":[]}"
train,,ball,https://d2vaazyrxjpvvm.cloudfront.net/ai-studio/6732e09999d5b1198142ad52/data/c486558-2a66-a688-7a48-c2a60766673.jpg,"{""rect"":[[923.7483,548.7313,10.7413,11.4179,""ball""]],""point"":[],""line"":[],""polygon"":[],""circle"":[],""rectAndKeypoints"":[]}"
train,,ball,https://d2vaazyrxjpvvm.cloudfront.net/ai-studio/6732e09999d5b1198142ad52/data/6e3e5dc-21b2-e8f5-0ba-c8ea85ce3848.jpg,"{""rect"":[[880.7832,625.9701,10.7413,8.7313,""ball""]],""point"":[],""line"":[],""polygon"":[],""circle"":[],""rectAndKeypoints"":[]}"
train,,ball,https://d2vaazyrxjpvvm.cloudfront.net/ai-studio/6732e09999d5b1198142ad52/data/4abeeec-7eaa-ee5-6da5-a2122beccf3b.jpg,"{""rect"":[[1003.7934322357178,607.8175663948059,12.612476348876953,12.077269554138184,""ball""]],""point"":[],""line"":[],""polygon"":[],""circle"":[],""rectAndKeypoints"":[]}"
test,,ball,https://d2vaazyrxjpvvm.cloudfront.net/ai-studio/6732e09999d5b1198142ad52/data/a86ac-f01a-7fcc-0a7-035de7deb8.jpg,"{""rect"":[[788.053544998169,493.4180736541748,16.90475082397461,16.22769546508789,""ball""]],""point"":[],""line"":[],""polygon"":[],""circle"":[],""rectAndKeypoints"":[]}"
train,,ball,https://d2vaazyrxjpvvm.cloudfront.net/ai-studio/6732e09999d5b1198142ad52/data/8223d54-22f7-355d-e23b-d28c5fc420.jpg,"{""rect"":[[824.5983448028564,617.1440134048462,18.04977035522461,17.847959518432617,""ball""]],""point"":[],""line"":[],""polygon"":[],""circle"":[],""rectAndKeypoints"":[]}"
train,,ball,https://d2vaazyrxjpvvm.cloudfront.net/ai-studio/6732e09999d5b1198142ad52/data/a80bfd-86bf-572e-01b5-71e3b285c52a.jpg,"{""rect"":[[992.8951,246.4925,8.0559,8.7313,""ball""]],""point"":[],""line"":[],""polygon"":[],""circle"":[],""rectAndKeypoints"":[]}"
train,,ball,https://d2vaazyrxjpvvm.cloudfront.net/ai-studio/6732e09999d5b1198142ad52/data/861d62-5d48-b10d-4e44-ebe4787f08b.jpg,"{""rect"":[[1049.2867,257.2388,10.7413,8.0597,""ball""]],""point"":[],""line"":[],""polygon"":[],""circle"":[],""rectAndKeypoints"":[]}"
train,,ball,https://d2vaazyrxjpvvm.cloudfront.net/ai-studio/6732e09999d5b1198142ad52/data/1f33856-03b5-727e-bba-7185d10cc7c.jpg,"{""rect"":[[1074.7972,264.6269,8.0559,8.0597,""ball""]],""point"":[],""line"":[],""polygon"":[],""circle"":[],""rectAndKeypoints"":[]}"
train,,ball,https://d2vaazyrxjpvvm.cloudfront.net/ai-studio/6732e09999d5b1198142ad52/data/4870dc-c42-28f5-28ae-e6eab074adb3.jpg,"{""rect"":[[1090.9091,270,8.0559,10.0746,""ball""]],""point"":[],""line"":[],""polygon"":[],""circle"":[],""rectAndKeypoints"":[]}"
train,,ball,https://d2vaazyrxjpvvm.cloudfront.net/ai-studio/6732e09999d5b1198142ad52/data/34adafd-135-4caf-eac7-4a0f7ab12.jpg,"{""rect"":[[1076.8112,314.3284,10.0699,10.7463,""ball""]],""point"":[],""line"":[],""polygon"":[],""circle"":[],""rectAndKeypoints"":[]}"
train,,ball,https://d2vaazyrxjpvvm.cloudfront.net/ai-studio/6732e09999d5b1198142ad52/data/d0776-bc-6a-8ce-0c886e47eb2a.jpg,"{""rect"":[[874.4362020492554,287.84486961364746,17.893465042114258,17.577960968017578,""ball""]],""point"":[],""line"":[],""polygon"":[],""circle"":[],""rectAndKeypoints"":[]}"
test,,ball,https://d2vaazyrxjpvvm.cloudfront.net/ai-studio/6732e09999d5b1198142ad52/data/17074f-1e3d-4cf-3a2b-f67408bce44.jpg,"{""rect"":[[881.6929302215576,468.80919790267944,16.048709869384766,15.520215034484863,""ball""]],""point"":[],""line"":[],""polygon"":[],""circle"":[],""rectAndKeypoints"":[]}"
test,,ball,https://d2vaazyrxjpvvm.cloudfront.net/ai-studio/6732e09999d5b1198142ad52/data/f76e8c7-fc7a-437d-753a-cc75f5d588e.jpg,"{""rect"":[[870.042,502.3881,12.7552,11.4179,""ball""]],""point"":[],""line"":[],""polygon"":[],""circle"":[],""rectAndKeypoints"":[]}"
train,,ball,https://d2vaazyrxjpvvm.cloudfront.net/ai-studio/6732e09999d5b1198142ad52/data/ccc14b-1b05-3d8b-d8ef-a7c1df83a3d3.jpg,"{""rect"":[[882.5738725662231,508.2775526046753,16.59993553161621,15.796579360961914,""ball""]],""point"":[],""line"":[],""polygon"":[],""circle"":[],""rectAndKeypoints"":[]}"
test,,ball,https://d2vaazyrxjpvvm.cloudfront.net/ai-studio/6732e09999d5b1198142ad52/data/e74ec1b-877-ac0-ae51-e7cd08b75e4.jpg,"{""rect"":[[929.9097509384155,498.3321604728699,15.708086013793945,15.415818214416504,""ball""]],""point"":[],""line"":[],""polygon"":[],""circle"":[],""rectAndKeypoints"":[]}"
train,,ball,https://d2vaazyrxjpvvm.cloudfront.net/ai-studio/6732e09999d5b1198142ad52/data/cf88df-2657-4e41-30d7-a1ae55868dff.jpg,"{""rect"":[[960.6160025596619,485.6273684501648,15.70048999786377,14.47255802154541,""ball""]],""point"":[],""line"":[],""polygon"":[],""circle"":[],""rectAndKeypoints"":[]}"
train,,ball,https://d2vaazyrxjpvvm.cloudfront.net/ai-studio/6732e09999d5b1198142ad52/data/1f101c-2862-6056-ae2b-5ddb8ca8b44f.jpg,"{""rect"":[[977.1140575408936,473.5729284286499,17.26468276977539,16.598344802856445,""ball""]],""point"":[],""line"":[],""polygon"":[],""circle"":[],""rectAndKeypoints"":[]}"
test,,ball,https://d2vaazyrxjpvvm.cloudfront.net/ai-studio/6732e09999d5b1198142ad52/data/be1e511-31a8-a03c-b50c-b16337c663.jpg,"{""rect"":[[1012.1547145843506,411.45183658599854,17.434711456298828,16.82490348815918,""ball""]],""point"":[],""line"":[],""polygon"":[],""circle"":[],""rectAndKeypoints"":[]}"
train,,ball,https://d2vaazyrxjpvvm.cloudfront.net/ai-studio/6732e09999d5b1198142ad52/data/6b6a104-2a75-0336-ef5-c1c1310447a.jpg,"{""rect"":[[1067.7033100128174,356.80090284347534,15.531612396240234,14.832154273986816,""ball""]],""point"":[],""line"":[],""polygon"":[],""circle"":[],""rectAndKeypoints"":[]}"
train,,ball,https://d2vaazyrxjpvvm.cloudfront.net/ai-studio/6732e09999d5b1198142ad52/data/5cdfff1-fc2f-4300-8e0a-d07bfd77d37.jpg,"{""rect"":[[1093.3083810806274,339.67015314102173,14.222349166870117,13.614527702331543,""ball""]],""point"":[],""line"":[],""polygon"":[],""circle"":[],""rectAndKeypoints"":[]}"
test,,ball,https://d2vaazyrxjpvvm.cloudfront.net/ai-studio/6732e09999d5b1198142ad52/data/d34572c-0366-544-d711-f2d8056e6324.jpg,"{""rect"":[[1105.6783,334.4776,13.4266,12.0896,""ball""]],""point"":[],""line"":[],""polygon"":[],""circle"":[],""rectAndKeypoints"":[]}"
train,,ball,https://d2vaazyrxjpvvm.cloudfront.net/ai-studio/6732e09999d5b1198142ad52/data/c6147e-61ea-a121-1cf3-2616a5ee615d.jpg,"{""rect"":[[1105.0556468963623,335.14684677124023,14.35257339477539,13.249519348144531,""ball""]],""point"":[],""line"":[],""polygon"":[],""circle"":[],""rectAndKeypoints"":[]}"
train,,ball,https://d2vaazyrxjpvvm.cloudfront.net/ai-studio/6732e09999d5b1198142ad52/data/c8522a-743f-05c6-1bc4-3ad0ece45d1a.jpg,"{""rect"":[[1079.4965,363.3582,15.4406,12.0896,""ball""]],""point"":[],""line"":[],""polygon"":[],""circle"":[],""rectAndKeypoints"":[]}"
train,,ball,https://d2vaazyrxjpvvm.cloudfront.net/ai-studio/6732e09999d5b1198142ad52/data/6c2c84-eb03-8b0f-56f-cbb01275c05.jpg,"{""rect"":[[1031.8322,427.8358,17.4545,14.7761,""ball""]],""point"":[],""line"":[],""polygon"":[],""circle"":[],""rectAndKeypoints"":[]}"
train,,ball,https://d2vaazyrxjpvvm.cloudfront.net/ai-studio/6732e09999d5b1198142ad52/data/37b43a8-7ce5-137-556e-583fa0ef12df.jpg,"{""rect"":[[1002.2937,472.8358,16.1119,17.4627,""ball""]],""point"":[],""line"":[],""polygon"":[],""circle"":[],""rectAndKeypoints"":[]}"
train,,ball,https://d2vaazyrxjpvvm.cloudfront.net/ai-studio/6732e09999d5b1198142ad52/data/c58a823-a4b0-b380-aa71-358f510c0c1a.jpg,"{""rect"":[[798.3595943450928,566.0766506195068,15.978565216064453,15.293354034423828,""ball""]],""point"":[],""line"":[],""polygon"":[],""circle"":[],""rectAndKeypoints"":[]}"
train,,ball,https://d2vaazyrxjpvvm.cloudfront.net/ai-studio/6732e09999d5b1198142ad52/data/ba7db76-20f-e744-8fe5-eacab4a1030.jpg,"{""rect"":[[900.2517,589.7015,21.4825,19.4776,""ball""]],""point"":[],""line"":[],""polygon"":[],""circle"":[],""rectAndKeypoints"":[]}"
test,,ball,https://d2vaazyrxjpvvm.cloudfront.net/ai-studio/6732e09999d5b1198142ad52/data/e4a6e85-800f-c38e-5e7f-26bd1244e11.jpg,"{""rect"":[[927.5371551513672,522.2697172164917,22.403228759765625,21.0279483795166,""ball""]],""point"":[],""line"":[],""polygon"":[],""circle"":[],""rectAndKeypoints"":[]}"
train,,ball,https://d2vaazyrxjpvvm.cloudfront.net/ai-studio/6732e09999d5b1198142ad52/data/d6a4bc-f8f5-3e7-74a3-bb2fcb83faec.jpg,"{""rect"":[[810.9872207641602,196.54681587219238,14.568893432617188,13.944454193115234,""ball""]],""point"":[],""line"":[],""polygon"":[],""circle"":[],""rectAndKeypoints"":[]}"
train,,ball,https://d2vaazyrxjpvvm.cloudfront.net/ai-studio/6732e09999d5b1198142ad52/data/1426545-45e1-238f-0b62-1a11bace61a.jpg,"{""rect"":[[859.7024478912354,239.9922170639038,12.954723358154297,12.438600540161133,""ball""]],""point"":[],""line"":[],""polygon"":[],""circle"":[],""rectAndKeypoints"":[]}"
train,,ball,https://d2vaazyrxjpvvm.cloudfront.net/ai-studio/6732e09999d5b1198142ad52/data/73fe342-bf2-6e46-322-3355f850c4df.jpg,"{""rect"":[[875.2314748764038,233.56194353103638,15.258241653442383,14.990889549255371,""ball""]],""point"":[],""line"":[],""polygon"":[],""circle"":[],""rectAndKeypoints"":[]}"
train,,ball,https://d2vaazyrxjpvvm.cloudfront.net/ai-studio/6732e09999d5b1198142ad52/data/87d135-8b-8a2c-6243-51fa0660416.jpg,"{""rect"":[[882.2381973266602,198.99275159835815,15.358810424804688,14.809845924377441,""ball""]],""point"":[],""line"":[],""polygon"":[],""circle"":[],""rectAndKeypoints"":[]}"
test,,ball,https://d2vaazyrxjpvvm.cloudfront.net/ai-studio/6732e09999d5b1198142ad52/data/5bc17ea-2fe-2006-c214-c46082dcf438.jpg,"{""rect"":[[918.647741317749,182.27862119674683,16.332813262939453,15.279915809631348,""ball""]],""point"":[],""line"":[],""polygon"":[],""circle"":[],""rectAndKeypoints"":[]}"
train,,ball,https://d2vaazyrxjpvvm.cloudfront.net/ai-studio/6732e09999d5b1198142ad52/data/181c062-a4e8-a470-387f-0147af4acb86.jpg,"{""rect"":[[938.7008666992188,182.64231777191162,18.0556640625,17.891115188598633,""ball""]],""point"":[],""line"":[],""polygon"":[],""circle"":[],""rectAndKeypoints"":[]}"
train,,ball,https://d2vaazyrxjpvvm.cloudfront.net/ai-studio/6732e09999d5b1198142ad52/data/2fb27df-fdd0-5ef-24a8-dfd22113dd2a.jpg,"{""rect"":[[945.865779876709,184.0099754333496,18.54187774658203,17.13147735595703,""ball""]],""point"":[],""line"":[],""polygon"":[],""circle"":[],""rectAndKeypoints"":[]}"
train,,ball,https://d2vaazyrxjpvvm.cloudfront.net/ai-studio/6732e09999d5b1198142ad52/data/81423f-d8e1-810f-f1a-a72ba2bf438.jpg,"{""rect"":[[960.5575075149536,196.08432245254517,16.127904891967773,15.545161247253418,""ball""]],""point"":[],""line"":[],""polygon"":[],""circle"":[],""rectAndKeypoints"":[]}"
train,,ball,https://d2vaazyrxjpvvm.cloudfront.net/ai-studio/6732e09999d5b1198142ad52/data/58bc5cc-e05e-c16b-8132-81813767a356.jpg,"{""rect"":[[966.8159461021423,207.70354461669922,15.524113655090332,14.941360473632812,""ball""]],""point"":[],""line"":[],""polygon"":[],""circle"":[],""rectAndKeypoints"":[]}"
train,,ball,https://d2vaazyrxjpvvm.cloudfront.net/ai-studio/6732e09999d5b1198142ad52/data/456333-dbb4-e26b-3fcb-abaa0ebd8e65.jpg,"{""rect"":[[979.0235657691956,218.68495082855225,15.551867485046387,14.757997512817383,""ball""]],""point"":[],""line"":[],""polygon"":[],""circle"":[],""rectAndKeypoints"":[]}"
train,,ball,https://d2vaazyrxjpvvm.cloudfront.net/ai-studio/6732e09999d5b1198142ad52/data/bdcd08a-4a0-87cd-68b8-4b702c5c0ee.jpg,"{""rect"":[[1007.6809511184692,234.77036809921265,13.755529403686523,13.287968635559082,""ball""]],""point"":[],""line"":[],""polygon"":[],""circle"":[],""rectAndKeypoints"":[]}"
train,,ball,https://d2vaazyrxjpvvm.cloudfront.net/ai-studio/6732e09999d5b1198142ad52/data/00cf82f-d5ff-aab-eef5-174f85dd8b5b.jpg,"{""rect"":[[1047.111315727234,249.9699935913086,15.555200576782227,14.272842407226562,""ball""]],""point"":[],""line"":[],""polygon"":[],""circle"":[],""rectAndKeypoints"":[]}"
train,,ball,https://d2vaazyrxjpvvm.cloudfront.net/ai-studio/6732e09999d5b1198142ad52/data/d88c22e-8e7-5b16-811-bf5a827f45f8.jpg,"{""rect"":[[1041.2510237693787,258.25400018692017,14.823636054992676,13.168025016784668,""ball""]],""point"":[],""line"":[],""polygon"":[],""circle"":[],""rectAndKeypoints"":[]}"
train,,ball,https://d2vaazyrxjpvvm.cloudfront.net/ai-studio/6732e09999d5b1198142ad52/data/82f41b4-af84-ec11-8b5d-ff03372e1d0.jpg,"{""rect"":[[1033.8475160598755,290.0707402229309,13.491247177124023,12.873106956481934,""ball""]],""point"":[],""line"":[],""polygon"":[],""circle"":[],""rectAndKeypoints"":[]}"
train,,ball,https://d2vaazyrxjpvvm.cloudfront.net/ai-studio/6732e09999d5b1198142ad52/data/3c8acf-bf47-1df7-24d4-c861c83f0d73.jpg,"{""rect"":[[1025.6373434066772,318.30611515045166,13.755098342895508,12.87843132019043,""ball""]],""point"":[],""line"":[],""polygon"":[],""circle"":[],""rectAndKeypoints"":[]}"
train,,ball,https://d2vaazyrxjpvvm.cloudfront.net/ai-studio/6732e09999d5b1198142ad52/data/e3c60b7-8d30-8325-8a15-a23cbf57838.jpg,"{""rect"":[[1002.965,347.9104,10.0699,10.0746,""ball""]],""point"":[],""line"":[],""polygon"":[],""circle"":[],""rectAndKeypoints"":[]}"
train,,ball,https://d2vaazyrxjpvvm.cloudfront.net/ai-studio/6732e09999d5b1198142ad52/data/71578f-5f2-35c-be0-8f46bc2327.jpg,"{""rect"":[[971.216607093811,365.9801559448242,14.61878776550293,14.144790649414062,""ball""]],""point"":[],""line"":[],""polygon"":[],""circle"":[],""rectAndKeypoints"":[]}"
test,,ball,https://d2vaazyrxjpvvm.cloudfront.net/ai-studio/6732e09999d5b1198142ad52/data/c0d73b4-5b0-3f56-cdc-5b2575a588.jpg,"{""rect"":[[921.7343,408.3582,12.0839,10.0746,""ball""]],""point"":[],""line"":[],""polygon"":[],""circle"":[],""rectAndKeypoints"":[]}"
train,,ball,https://d2vaazyrxjpvvm.cloudfront.net/ai-studio/6732e09999d5b1198142ad52/data/1554248-cc01-b341-a0e1-ff14ab663ab7.jpg,"{""rect"":[[859.972,467.4627,13.4266,12.7612,""ball""]],""point"":[],""line"":[],""polygon"":[],""circle"":[],""rectAndKeypoints"":[]}"
train,,ball,https://d2vaazyrxjpvvm.cloudfront.net/ai-studio/6732e09999d5b1198142ad52/data/6bdcff5-6db7-06-edde-cc673f7ea51f.jpg,"{""rect"":[[814.993,524.5522,14.0979,12.0896,""ball""]],""point"":[],""line"":[],""polygon"":[],""circle"":[],""rectAndKeypoints"":[]}"
train,,ball,https://d2vaazyrxjpvvm.cloudfront.net/ai-studio/6732e09999d5b1198142ad52/data/b4a0430-10b1-dc6c-e2d6-4227b5475b55.jpg,"{""rect"":[[762.6294,593.7313,14.0979,12.0896,""ball""]],""point"":[],""line"":[],""polygon"":[],""circle"":[],""rectAndKeypoints"":[]}"
train,,ball,https://d2vaazyrxjpvvm.cloudfront.net/ai-studio/6732e09999d5b1198142ad52/data/0a7674-711d-00d-134-74c1a26a7b.jpg,"{""rect"":[[493.4266,531.2687,17.4546,16.791,""ball""]],""point"":[],""line"":[],""polygon"":[],""circle"":[],""rectAndKeypoints"":[]}"
train,,ball,https://d2vaazyrxjpvvm.cloudfront.net/ai-studio/6732e09999d5b1198142ad52/data/744e8-c73-a8c0-a7c-ea83387328b5.jpg,"{""rect"":[[498.1132550239563,495.1262617111206,15.456107139587402,14.733194351196289,""ball""]],""point"":[],""line"":[],""polygon"":[],""circle"":[],""rectAndKeypoints"":[]}"
train,,ball,https://d2vaazyrxjpvvm.cloudfront.net/ai-studio/6732e09999d5b1198142ad52/data/fe7d0ae-d2a7-a613-bb6-780aaa0b2fba.jpg,"{""rect"":[[518.2657,430.5224,16.7832,16.1194,""ball""]],""point"":[],""line"":[],""polygon"":[],""circle"":[],""rectAndKeypoints"":[]}"
train,,ball,https://d2vaazyrxjpvvm.cloudfront.net/ai-studio/6732e09999d5b1198142ad52/data/1ea6018-cf3-0e04-508-65382834b6f.jpg,"{""rect"":[[545.7902,304.9254,17.4545,14.1045,""ball""]],""point"":[],""line"":[],""polygon"":[],""circle"":[],""rectAndKeypoints"":[]}"
train,,ball,https://d2vaazyrxjpvvm.cloudfront.net/ai-studio/6732e09999d5b1198142ad52/data/ce61b3f-473c-1e1a-ede6-3baefb1e3225.jpg,"{""rect"":[[547.8042,290.8209,16.1119,14.7761,""ball""]],""point"":[],""line"":[],""polygon"":[],""circle"":[],""rectAndKeypoints"":[]}"
train,,ball,https://d2vaazyrxjpvvm.cloudfront.net/ai-studio/6732e09999d5b1198142ad52/data/d576168-a20e-ca7-d6b7-b6ac0a74a8d.jpg,"{""rect"":[[545.1189,304.2537,16.7832,15.4478,""ball""]],""point"":[],""line"":[],""polygon"":[],""circle"":[],""rectAndKeypoints"":[]}"
train,,ball,https://d2vaazyrxjpvvm.cloudfront.net/ai-studio/6732e09999d5b1198142ad52/data/0a4d830-0816-ba76-8df1-64d6d2afc5.jpg,"{""rect"":[[543.1049,330.4478,16.7832,15.4478,""ball""]],""point"":[],""line"":[],""polygon"":[],""circle"":[],""rectAndKeypoints"":[]}"
train,,ball,https://d2vaazyrxjpvvm.cloudfront.net/ai-studio/6732e09999d5b1198142ad52/data/b80e52-86d8-276b-aae-ab66efb54a7.jpg,"{""rect"":[[811.0716686248779,500.57162857055664,16.86764907836914,15.891532897949219,""ball""]],""point"":[],""line"":[],""polygon"":[],""circle"":[],""rectAndKeypoints"":[]}"
train,,ball,https://d2vaazyrxjpvvm.cloudfront.net/ai-studio/6732e09999d5b1198142ad52/data/bcdcbd8-6700-50f4-382c-f7ffaa48a074.jpg,"{""rect"":[[808.9362106323242,474.5164670944214,20.392837524414062,19.177331924438477,""ball""]],""point"":[],""line"":[],""polygon"":[],""circle"":[],""rectAndKeypoints"":[]}"
test,,ball,https://d2vaazyrxjpvvm.cloudfront.net/ai-studio/6732e09999d5b1198142ad52/data/8d27e55-bc1f-8e7f-d1ad-44d48af71e.jpg,"{""rect"":[[808.1466608047485,469.78090381622314,20.11305046081543,18.36507225036621,""ball""]],""point"":[],""line"":[],""polygon"":[],""circle"":[],""rectAndKeypoints"":[]}"
train,,ball,https://d2vaazyrxjpvvm.cloudfront.net/ai-studio/6732e09999d5b1198142ad52/data/462d6bb-e010-dc8-f666-72db8c0ee2a3.jpg,"{""rect"":[[806.9048938751221,496.56739711761475,22.32595443725586,20.186922073364258,""ball""]],""point"":[],""line"":[],""polygon"":[],""circle"":[],""rectAndKeypoints"":[]}"
train,,ball,https://d2vaazyrxjpvvm.cloudfront.net/ai-studio/6732e09999d5b1198142ad52/data/0b74223-227b-351f-14f0-2faaaf2647d.jpg,"{""rect"":[[818.7234973907471,637.8528118133545,24.24367904663086,23.221500396728516,""ball""]],""point"":[],""line"":[],""polygon"":[],""circle"":[],""rectAndKeypoints"":[]}"
train,,ball,https://d2vaazyrxjpvvm.cloudfront.net/ai-studio/6732e09999d5b1198142ad52/data/2756c1b-081d-e8d0-6200-ce0332cd8baa.jpg,"{""rect"":[[860.1015844345093,521.4810638427734,25.938310623168945,25.071807861328125,""ball""]],""point"":[],""line"":[],""polygon"":[],""circle"":[],""rectAndKeypoints"":[]}"
train,,ball,https://d2vaazyrxjpvvm.cloudfront.net/ai-studio/6732e09999d5b1198142ad52/data/68b0ab6-f8f0-a038-dc38-df42c416e83.jpg,"{""rect"":[[1193.0982961654663,632.9425611495972,28.858095169067383,27.478769302368164,""ball""]],""point"":[],""line"":[],""polygon"":[],""circle"":[],""rectAndKeypoints"":[]}"
train,,ball,https://d2vaazyrxjpvvm.cloudfront.net/ai-studio/6732e09999d5b1198142ad52/data/ca2e57c-e51-bef8-d7c2-a4d18f24cab.jpg,"{""rect"":[[1234.3443069458008,655.9283304214478,27.559677124023438,27.521757125854492,""ball""]],""point"":[],""line"":[],""polygon"":[],""circle"":[],""rectAndKeypoints"":[]}"
test,,ball,https://d2vaazyrxjpvvm.cloudfront.net/ai-studio/6732e09999d5b1198142ad52/data/a6cfd8-6a22-1acb-8aa3-d54eb4f2573.jpg,"{""rect"":[[1306.9762573242188,760.5938472747803,31.5045166015625,28.494190216064453,""ball""]],""point"":[],""line"":[],""polygon"":[],""circle"":[],""rectAndKeypoints"":[]}"
train,,ball,https://d2vaazyrxjpvvm.cloudfront.net/ai-studio/6732e09999d5b1198142ad52/data/3b727de-71-712-04fb-0ab4727d40a.jpg,"{""rect"":[[1370.4978036880493,801.2801446914673,29.916501998901367,28.91859245300293,""ball""]],""point"":[],""line"":[],""polygon"":[],""circle"":[],""rectAndKeypoints"":[]}"
train,,ball,https://d2vaazyrxjpvvm.cloudfront.net/ai-studio/6732e09999d5b1198142ad52/data/e6447e-f100-530-d831-ca186622b8c.jpg,"{""rect"":[[1414.0183925628662,799.6516008377075,31.972248077392578,28.97060203552246,""ball""]],""point"":[],""line"":[],""polygon"":[],""circle"":[],""rectAndKeypoints"":[]}"
train,,ball,https://d2vaazyrxjpvvm.cloudfront.net/ai-studio/6732e09999d5b1198142ad52/data/540373c-862-d1f6-d2de-ecbc243b6658.jpg,"{""rect"":[[1503.8500413894653,850.4599409103394,31.065786361694336,24.65299415588379,""ball""]],""point"":[],""line"":[],""polygon"":[],""circle"":[],""rectAndKeypoints"":[]}"
train,,ball,https://d2vaazyrxjpvvm.cloudfront.net/ai-studio/6732e09999d5b1198142ad52/data/83cfd1-b12a-68b-e484-bd0a684a6466.jpg,"{""rect"":[[1571.5221281051636,864.5123424530029,31.71648597717285,30.39804458618164,""ball""]],""point"":[],""line"":[],""polygon"":[],""circle"":[],""rectAndKeypoints"":[]}"
train,,ball,https://d2vaazyrxjpvvm.cloudfront.net/ai-studio/6732e09999d5b1198142ad52/data/a465f4a-fa1-e3e-ad3-8eebbf40abf.jpg,"{""rect"":[[1656.8526287078857,886.412769317627,33.207828521728516,31.753196716308594,""ball""]],""point"":[],""line"":[],""polygon"":[],""circle"":[],""rectAndKeypoints"":[]}"
test,,ball,https://d2vaazyrxjpvvm.cloudfront.net/ai-studio/6732e09999d5b1198142ad52/data/efc3db-5201-82b1-a51-73716403e6f.jpg,"{""rect"":[[769.0575299263,219.38540983200073,15.036795616149902,13.96871280670166,""ball""]],""point"":[],""line"":[],""polygon"":[],""circle"":[],""rectAndKeypoints"":[]}"
train,,ball,https://d2vaazyrxjpvvm.cloudfront.net/ai-studio/6732e09999d5b1198142ad52/data/02c7621-b830-34ca-3e32-4a1f1e5d702a.jpg,"{""rect"":[[981.9032535552979,349.15194606781006,15.010021209716797,13.700746536254883,""ball""]],""point"":[],""line"":[],""polygon"":[],""circle"":[],""rectAndKeypoints"":[]}"
train,,ball,https://d2vaazyrxjpvvm.cloudfront.net/ai-studio/6732e09999d5b1198142ad52/data/a4f6c-551-7dc7-0bc3-de7af83734.jpg,"{""rect"":[[1004.2816934585571,433.1423397064209,13.797452926635742,13.504444122314453,""ball""]],""point"":[],""line"":[],""polygon"":[],""circle"":[],""rectAndKeypoints"":[]}"
train,,ball,https://d2vaazyrxjpvvm.cloudfront.net/ai-studio/6732e09999d5b1198142ad52/data/b77c53f-0f86-08c-a31-a4d4f65a34f.jpg,"{""rect"":[[976.7832,419.7761,10.0699,7.3881,""ball""]],""point"":[],""line"":[],""polygon"":[],""circle"":[],""rectAndKeypoints"":[]}"
train,,ball,https://d2vaazyrxjpvvm.cloudfront.net/ai-studio/6732e09999d5b1198142ad52/data/4e00ead-13e-4733-4fbd-45c7fd8b37.jpg,"{""rect"":[[966.480523109436,399.64167976379395,11.51270866394043,10.76290512084961,""ball""]],""point"":[],""line"":[],""polygon"":[],""circle"":[],""rectAndKeypoints"":[]}"
train,,ball,https://d2vaazyrxjpvvm.cloudfront.net/ai-studio/6732e09999d5b1198142ad52/data/de1bc1f-be44-2e35-cbdb-cc782abdb35.jpg,"{""rect"":[[986.2577409744263,385.5224,10.6654,7.388,""ball""]],""point"":[],""line"":[],""polygon"":[],""circle"":[],""rectAndKeypoints"":[]}"
train,,ball,https://d2vaazyrxjpvvm.cloudfront.net/ai-studio/6732e09999d5b1198142ad52/data/826c8ba-eea-d06c-2f10-ab50d082037.jpg,"{""rect"":[[1002.2937,379.4776,9.3986,9.403,""ball""]],""point"":[],""line"":[],""polygon"":[],""circle"":[],""rectAndKeypoints"":[]}"
train,,ball,https://d2vaazyrxjpvvm.cloudfront.net/ai-studio/6732e09999d5b1198142ad52/data/6441bef-6c46-71d0-23dc-d115dd5b2b5.jpg,"{""rect"":[[998.2657,366.7164,11.4126,8.7313,""ball""]],""point"":[],""line"":[],""polygon"":[],""circle"":[],""rectAndKeypoints"":[]}"
train,,ball,https://d2vaazyrxjpvvm.cloudfront.net/ai-studio/6732e09999d5b1198142ad52/data/01d406f-fe54-302e-8ab-4a6311360ae.jpg,"{""rect"":[[1004.2360210418701,346.62514638900757,12.505863189697266,11.964428901672363,""ball""]],""point"":[],""line"":[],""polygon"":[],""circle"":[],""rectAndKeypoints"":[]}"
train,,ball,https://d2vaazyrxjpvvm.cloudfront.net/ai-studio/6732e09999d5b1198142ad52/data/2b5333-c2f0-e46-85da-d7ce67ccb8d2.jpg,"{""rect"":[[1024.4476,323.0597,11.4125,10.7463,""ball""]],""point"":[],""line"":[],""polygon"":[],""circle"":[],""rectAndKeypoints"":[]}"
train,,ball,https://d2vaazyrxjpvvm.cloudfront.net/ai-studio/6732e09999d5b1198142ad52/data/648eed-4ff6-be31-1301-1553102b2c1.jpg,"{""rect"":[[1053.4272074699402,295.56840324401855,12.902420997619629,12.51590347290039,""ball""]],""point"":[],""line"":[],""polygon"":[],""circle"":[],""rectAndKeypoints"":[]}"
train,,ball,https://d2vaazyrxjpvvm.cloudfront.net/ai-studio/6732e09999d5b1198142ad52/data/a688408-0073-ad0-f468-cfa1671f3db.jpg,"{""rect"":[[1075.4685,257.9104,11.4126,10.0747,""ball""]],""point"":[],""line"":[],""polygon"":[],""circle"":[],""rectAndKeypoints"":[]}"
train,,ball,https://d2vaazyrxjpvvm.cloudfront.net/ai-studio/6732e09999d5b1198142ad52/data/3541ec-0ea1-83c5-1af-3efbb3ef0bd.jpg,"{""rect"":[[1065.3986,239.1045,13.4266,8.7313,""ball""]],""point"":[],""line"":[],""polygon"":[],""circle"":[],""rectAndKeypoints"":[]}"
train,,ball,https://d2vaazyrxjpvvm.cloudfront.net/ai-studio/6732e09999d5b1198142ad52/data/bca183-aac7-e771-3240-7447f404ffd.jpg,"{""rect"":[[1026.6606,224.1592,10.5254,11.4054,""ball""]],""point"":[],""line"":[],""polygon"":[],""circle"":[],""rectAndKeypoints"":[]}"
train,,ball,https://d2vaazyrxjpvvm.cloudfront.net/ai-studio/6732e09999d5b1198142ad52/data/3831881-c121-7e2-c83c-c5c2bd5d4552.jpg,"{""rect"":[[1021.7622,360.6716,14.0979,11.4179,""ball""]],""point"":[],""line"":[],""polygon"":[],""circle"":[],""rectAndKeypoints"":[]}"
train,,ball,https://d2vaazyrxjpvvm.cloudfront.net/ai-studio/6732e09999d5b1198142ad52/data/f4a22-f07-01cf-7bee-646b073587e2.jpg,"{""rect"":[[1013.035,376.791,14.0979,12.0896,""ball""]],""point"":[],""line"":[],""polygon"":[],""circle"":[],""rectAndKeypoints"":[]}"
train,,ball,https://d2vaazyrxjpvvm.cloudfront.net/ai-studio/6732e09999d5b1198142ad52/data/d606e7-388a-fed6-3353-c53728c722ba.jpg,"{""rect"":[[988.1958,374.1045,13.4266,10.0746,""ball""]],""point"":[],""line"":[],""polygon"":[],""circle"":[],""rectAndKeypoints"":[]}"
